epoch	step	trigger	psnr_noise	ssim_noise	psnr_rain	ssim_rain	psnr_haze	ssim_haze	psnr_avr	ssim_avr	loss
0	0	init	18.0133	0.3287	20.5732	0.4656	11.3877	0.2703	16.6581	0.3549	-
1	3000	iter	21.5907	0.4723	25.5119	0.8207	14.3495	0.6176	20.4840	0.6369	0.03763
1	6000	iter	22.1554	0.5151	25.4971	0.8216	14.9221	0.6894	20.8582	0.6754	0.04294
1	9000	iter	25.7209	0.6389	25.5391	0.8212	16.6321	0.7606	22.6307	0.7403	0.03791
1	12000	iter	27.8592	0.7348	29.2874	0.8916	17.6982	0.7754	24.9483	0.8006	0.02195
1	15000	iter	28.7289	0.7709	31.9566	0.9396	13.1069	0.7233	24.5975	0.8112	0.02285
1	18000	iter	29.0946	0.7904	32.8867	0.9498	14.3798	0.7365	25.4537	0.8256	0.02522
1	21000	iter	29.4419	0.8039	33.4508	0.9549	18.0037	0.7781	26.9655	0.8457	0.01723
1	24000	iter	29.5415	0.8093	33.5989	0.9579	15.7198	0.7729	26.2868	0.8467	0.02491
1	27000	iter	29.6447	0.8161	34.3612	0.9627	18.6340	0.7831	27.5466	0.8540	0.02241
1	30000	iter	29.6818	0.8196	34.5484	0.9622	16.1231	0.7628	26.7844	0.8482	0.02221
1	33000	iter	29.8254	0.8187	34.3151	0.9615	14.6906	0.7571	26.2770	0.8458	0.01818
1	36000	iter	30.0469	0.8259	35.3114	0.9695	18.3599	0.7868	27.9061	0.8607	0.02229
0	0	init	20.2261	0.6220	18.3585	0.4906	14.5118	0.3020	20.0303	0.7004	13.1797	0.6123	16.9696	0.5947	-
0	0	init	20.2261	0.6220	18.3585	0.4906	14.5118	0.3020	20.0303	0.7004	13.1797	0.6123	16.9696	0.5947	-
0	0	init	20.2261	0.6220	18.3585	0.4906	14.5118	0.3020	20.0303	0.7004	13.1797	0.6123	16.9696	0.5947	-
0	0	init	20.2261	0.6220	18.3585	0.4906	14.5118	0.3020	20.0303	0.7004	13.1797	0.6123	16.9696	0.5947	-
1	2000	iter	29.1221	0.8280	26.4702	0.7413	22.1209	0.5640	25.4646	0.8147	19.2022	0.7917	23.5237	0.7725	0.07611
1	4000	iter	30.4823	0.8852	27.8451	0.8218	24.1103	0.6728	25.4916	0.8231	15.9680	0.7560	22.9796	0.7908	0.05305
1	6000	iter	31.1181	0.9088	28.5332	0.8571	24.9025	0.7258	26.6565	0.8345	19.0454	0.8002	24.6289	0.8217	0.05261
1	8000	iter	31.2003	0.9101	28.7082	0.8589	25.1829	0.7353	27.8405	0.8633	19.7525	0.7990	25.3189	0.8323	0.03182
1	10000	iter	31.5079	0.9169	28.9166	0.8672	25.4134	0.7489	28.6804	0.8621	18.7504	0.8077	25.3478	0.8381	0.03759
1	12000	iter	31.6878	0.9214	29.1073	0.8734	25.5272	0.7561	29.4324	0.8981	19.5736	0.7890	25.9267	0.8458	0.03197
1	14000	iter	31.7245	0.9187	29.1907	0.8728	25.6438	0.7570	29.4439	0.9004	19.1391	0.8279	25.8120	0.8593	0.03108
1	16000	iter	31.8578	0.9238	29.3094	0.8784	25.7586	0.7680	27.7122	0.8824	19.7796	0.8368	25.4890	0.8586	0.02529
1	-	epoch	31.9378	0.9210	29.3181	0.8750	25.7649	0.7659	29.8643	0.9150	20.4605	0.8485	26.4439	0.8725	0.04888
2	2000	iter	31.9613	0.9201	29.3919	0.8728	25.8013	0.7642	30.4089	0.9178	20.6447	0.8566	26.7017	0.8756	0.03835
2	4000	iter	32.0144	0.9253	29.5262	0.8836	26.0310	0.7809	31.0321	0.9270	17.8358	0.8153	26.0195	0.8685	0.02916
2	6000	iter	32.2513	0.9287	29.6519	0.8861	26.0691	0.7837	30.8662	0.9265	21.4213	0.8640	27.2039	0.8855	0.02484
2	8000	iter	32.2123	0.9275	29.6489	0.8854	26.1116	0.7913	31.2744	0.9287	21.2490	0.8595	27.2826	0.8854	0.04888
2	10000	iter	32.4101	0.9314	29.8346	0.8910	26.2823	0.7927	31.5255	0.9362	20.0320	0.8542	27.0222	0.8873	0.02374
2	12000	iter	32.3197	0.9283	29.8170	0.8884	26.2858	0.7928	31.1470	0.9264	21.2843	0.8367	27.3018	0.8777	0.02211
2	14000	iter	32.4519	0.9324	29.7979	0.8891	26.2484	0.7884	31.4361	0.9309	18.1968	0.8213	26.3774	0.8741	0.03467
2	16000	iter	32.5386	0.9317	29.9324	0.8911	26.3661	0.7918	31.3665	0.9293	19.8632	0.8512	26.9474	0.8840	0.02290
2	-	epoch	32.5273	0.9326	29.9401	0.8929	26.3956	0.7976	31.1572	0.9323	19.4543	0.8290	26.7442	0.8786	0.02933
3	2000	iter	32.5501	0.9333	30.0020	0.8953	26.4327	0.8030	31.6126	0.9339	19.6953	0.8464	26.9898	0.8858	0.02033
3	4000	iter	32.5957	0.9307	29.9425	0.8870	26.3334	0.7858	31.7158	0.9382	21.3440	0.8269	27.5612	0.8777	0.03144
3	6000	iter	32.6547	0.9340	30.0721	0.8945	26.4865	0.8008	30.6875	0.9212	21.4748	0.8636	27.3000	0.8871	0.02751
3	8000	iter	32.5663	0.9330	29.8646	0.8897	25.9940	0.7817	30.4230	0.9252	19.6685	0.8405	26.5222	0.8779	0.03074
3	10000	iter	32.6451	0.9342	30.1051	0.8958	26.5484	0.8020	32.3630	0.9452	21.6430	0.8719	27.9241	0.8981	0.02650
3	12000	iter	32.6141	0.9337	30.0572	0.8961	26.5932	0.8073	32.1164	0.9413	22.0339	0.8599	27.9684	0.8934	0.02207
3	14000	iter	32.6856	0.9348	30.1637	0.8980	26.6604	0.8095	32.0957	0.9405	21.9887	0.8706	27.9737	0.8973	0.02614
3	16000	iter	32.7665	0.9359	30.2146	0.8986	26.7091	0.8119	32.3955	0.9451	20.2202	0.8533	27.5041	0.8935	0.02758
3	-	epoch	32.6954	0.9344	30.1320	0.8949	26.6610	0.8090	32.5745	0.9483	21.6655	0.8743	28.0231	0.9007	0.02684
4	2000	iter	32.8031	0.9339	30.2342	0.8957	26.7306	0.8082	32.6492	0.9474	20.7260	0.8598	27.7659	0.8955	0.02322
4	4000	iter	32.6261	0.9331	30.2544	0.8997	26.7268	0.8141	32.6434	0.9476	21.9997	0.8716	28.1707	0.9005	0.02791
4	6000	iter	32.8857	0.9381	30.2886	0.9010	26.7880	0.8141	31.3109	0.9300	21.7945	0.8827	27.6976	0.8990	0.02585
4	8000	iter	32.7746	0.9357	30.2289	0.8986	26.7789	0.8099	32.3950	0.9471	17.3741	0.8246	26.5655	0.8844	0.02464
4	10000	iter	32.8145	0.9359	30.2645	0.8982	26.8256	0.8127	32.3891	0.9476	20.8699	0.8693	27.7424	0.8997	0.02654
4	12000	iter	32.9361	0.9382	30.3383	0.9006	26.7736	0.8117	31.1003	0.9285	22.1811	0.8721	27.7658	0.8947	0.02861
4	14000	iter	33.0101	0.9397	30.4183	0.9030	26.9319	0.8197	32.7926	0.9468	21.1406	0.8556	28.0178	0.8966	0.02093
4	16000	iter	32.9970	0.9391	30.4048	0.9007	26.8844	0.8125	33.0636	0.9536	22.1713	0.8800	28.4434	0.9059	0.02365
4	-	epoch	32.8397	0.9361	30.3971	0.9015	26.9112	0.8161	32.9567	0.9513	20.8321	0.8595	27.9460	0.8984	0.02539
5	2000	iter	33.0475	0.9394	30.4673	0.9025	26.9733	0.8176	33.3455	0.9558	21.6212	0.8785	28.3765	0.9070	0.02264
5	4000	iter	33.1026	0.9401	30.4856	0.9038	27.0142	0.8214	32.9169	0.9532	22.4018	0.8504	28.5065	0.8973	0.02409
5	6000	iter	33.0676	0.9395	30.5172	0.9042	27.0245	0.8206	33.4056	0.9551	21.6645	0.8799	28.4244	0.9077	0.02821
5	8000	iter	33.0922	0.9401	30.4941	0.9029	27.0129	0.8205	33.3237	0.9556	21.1217	0.8742	28.2150	0.9059	0.01990
5	10000	iter	33.1095	0.9405	30.5052	0.9039	26.9720	0.8200	32.2055	0.9354	22.8994	0.8824	28.4335	0.9020	0.02835
5	12000	iter	33.1540	0.9416	30.5377	0.9053	27.0547	0.8228	33.2331	0.9557	19.0870	0.8457	27.5230	0.8971	0.02625
5	14000	iter	33.1482	0.9406	30.5260	0.9038	27.0500	0.8222	33.2722	0.9553	20.1999	0.8643	27.9045	0.9028	0.02234
5	16000	iter	32.9508	0.9396	30.3304	0.9012	26.7042	0.8137	33.3983	0.9537	20.2546	0.8673	27.8827	0.9020	0.02409
5	-	epoch	33.1646	0.9410	30.5785	0.9050	27.1022	0.8235	33.3939	0.9553	19.8457	0.8545	27.8404	0.8999	0.02458
6	2000	iter	33.1039	0.9400	30.5166	0.9029	27.0329	0.8192	32.9089	0.9537	22.5985	0.8626	28.5751	0.9012	0.02443
6	4000	iter	33.1817	0.9409	30.5447	0.9034	27.0868	0.8211	33.6497	0.9565	21.1469	0.8767	28.3559	0.9072	0.03055
0	0	init	33.1031	0.9400	30.5171	0.9030	27.0352	0.8192	32.9089	0.9537	22.5985	0.8626	28.5753	0.9012	-
7	2000	iter	33.1746	0.9417	30.5983	0.9056	27.1003	0.8222	33.3393	0.9547	21.3894	0.8787	28.3399	0.9078	0.02337
7	4000	iter	33.0405	0.9400	30.5682	0.9055	27.1074	0.8251	33.7087	0.9583	22.4891	0.8633	28.8122	0.9040	0.02296
7	6000	iter	33.1656	0.9419	30.5698	0.9059	27.0222	0.8258	33.6455	0.9577	22.2820	0.8592	28.7267	0.9027	0.02632
7	8000	iter	33.1494	0.9418	30.5925	0.9058	27.1499	0.8251	33.7180	0.9596	22.8115	0.8713	28.9423	0.9073	0.01733
7	10000	iter	33.0957	0.9413	30.5488	0.9067	27.0867	0.8280	33.5515	0.9574	21.1456	0.8820	28.3136	0.9105	0.02247
7	12000	iter	33.2409	0.9427	30.6640	0.9078	27.1552	0.8294	33.7164	0.9566	21.6182	0.8840	28.5627	0.9113	0.02892
7	14000	iter	33.2383	0.9426	30.5916	0.9071	27.0889	0.8270	33.8282	0.9582	21.1620	0.8785	28.4322	0.9096	0.02317
7	16000	iter	33.2779	0.9424	30.7014	0.9074	27.1985	0.8275	33.7742	0.9599	20.1988	0.8672	28.1219	0.9065	0.01997
7	-	epoch	33.2209	0.9419	30.6408	0.9068	27.1253	0.8271	33.9185	0.9589	21.8134	0.8802	28.6870	0.9103	0.02394
8	2000	iter	33.2131	0.9385	30.5240	0.8995	26.9860	0.8171	33.7609	0.9572	22.7555	0.8710	28.9191	0.9044	0.03173
8	4000	iter	33.1978	0.9417	30.6450	0.9066	27.1339	0.8267	32.0019	0.9440	21.6551	0.8682	27.9942	0.9013	0.02358
8	6000	iter	33.2397	0.9416	30.6577	0.9059	27.2011	0.8278	33.9379	0.9593	22.3834	0.8914	28.8958	0.9141	0.02225
8	8000	iter	33.2691	0.9428	30.6819	0.9065	27.2245	0.8270	31.5331	0.9389	22.4962	0.8377	28.1404	0.8896	0.02795
8	10000	iter	33.2645	0.9426	30.7132	0.9077	27.2600	0.8299	34.1834	0.9616	20.4662	0.8714	28.3541	0.9088	0.01914
8	12000	iter	33.1818	0.9407	30.6270	0.9064	27.1248	0.8267	34.2229	0.9624	23.3227	0.8738	29.2856	0.9092	0.01972
8	14000	iter	33.3391	0.9434	30.7160	0.9079	27.2213	0.8273	34.2474	0.9632	21.7068	0.8837	28.7932	0.9133	0.02430
8	16000	iter	33.3227	0.9436	30.7203	0.9079	27.2228	0.8272	34.1234	0.9631	21.0326	0.8769	28.5260	0.9110	0.02124
8	-	epoch	33.3434	0.9434	30.7219	0.9082	27.2201	0.8281	34.1767	0.9627	22.7588	0.8791	29.1213	0.9117	0.02330
9	2000	iter	33.2877	0.9416	30.7094	0.9068	27.2571	0.8274	34.3294	0.9622	22.1789	0.8844	28.9755	0.9128	0.02065
9	4000	iter	33.3694	0.9439	30.7693	0.9084	27.2669	0.8262	34.1598	0.9610	22.9401	0.8706	29.1895	0.9081	0.02580
9	6000	iter	33.3210	0.9416	30.6714	0.9035	27.2015	0.8207	33.6215	0.9566	22.0810	0.8787	28.7001	0.9080	0.02176
9	8000	iter	33.3733	0.9430	30.7688	0.9076	27.2962	0.8278	34.3828	0.9646	23.2652	0.8764	29.3758	0.9113	0.02558
9	10000	iter	33.3366	0.9436	30.7221	0.9077	27.2513	0.8281	34.3859	0.9631	23.2125	0.8800	29.3450	0.9121	0.02352
9	12000	iter	33.2282	0.9419	30.6885	0.9076	27.2866	0.8279	33.6859	0.9593	22.0248	0.8713	28.7039	0.9077	0.02066
9	14000	iter	33.3715	0.9442	30.8054	0.9102	27.3223	0.8323	33.8912	0.9580	21.6979	0.8760	28.6963	0.9098	0.02310
9	16000	iter	33.4045	0.9447	30.8338	0.9104	27.3582	0.8331	34.4003	0.9647	22.4378	0.8886	29.1234	0.9165	0.02324
9	-	epoch	33.4140	0.9447	30.7990	0.9100	27.2612	0.8311	34.4454	0.9640	22.1720	0.8893	29.0363	0.9162	0.02303
10	2000	iter	33.4491	0.9445	30.8325	0.9095	27.3725	0.8306	34.6466	0.9658	21.9820	0.8879	29.0600	0.9162	0.02045
10	4000	iter	33.3912	0.9438	30.8255	0.9102	27.3229	0.8323	34.3279	0.9644	23.1004	0.8784	29.3138	0.9128	0.02326
10	6000	iter	33.3241	0.9435	30.7370	0.9102	27.2936	0.8337	34.3001	0.9606	22.6191	0.8877	29.1236	0.9147	0.02117
10	8000	iter	33.3954	0.9444	30.8048	0.9097	27.3294	0.8312	34.3105	0.9626	19.6956	0.8603	28.1720	0.9060	0.02111
10	10000	iter	33.4498	0.9445	30.8271	0.9093	27.3506	0.8289	34.3236	0.9631	22.0906	0.8765	28.9856	0.9113	0.02343
10	12000	iter	33.4218	0.9450	30.8296	0.9106	27.3602	0.8310	34.6322	0.9636	23.5101	0.8938	29.5598	0.9177	0.02643
10	14000	iter	33.4482	0.9446	30.8394	0.9098	27.3933	0.8336	34.6394	0.9641	22.9074	0.8846	29.3690	0.9149	0.02059
10	16000	iter	33.4641	0.9445	30.8502	0.9097	27.4019	0.8330	34.6694	0.9642	22.7700	0.8879	29.3371	0.9159	0.02013
10	-	epoch	33.4904	0.9452	30.8687	0.9111	27.4077	0.8344	34.7970	0.9671	22.5376	0.8721	29.3078	0.9120	0.02249
11	2000	iter	33.4833	0.9448	30.8849	0.9111	27.3982	0.8320	34.0678	0.9629	22.2692	0.8846	28.9753	0.9145	0.01900
11	4000	iter	33.5011	0.9462	30.8680	0.9116	27.4476	0.8361	34.8631	0.9665	23.6021	0.8742	29.6903	0.9129	0.02303
11	6000	iter	33.4620	0.9448	30.8732	0.9104	27.4037	0.8319	34.7180	0.9650	22.1641	0.8835	29.1539	0.9147	0.02331
11	8000	iter	33.4447	0.9419	30.8561	0.9070	27.4179	0.8300	34.7480	0.9665	23.9857	0.8830	29.7689	0.9142	0.01781
11	10000	iter	33.4360	0.9440	30.8661	0.9103	27.3777	0.8333	34.8588	0.9662	23.5002	0.8666	29.6397	0.9096	0.02360
11	12000	iter	33.5093	0.9460	30.9266	0.9124	27.4463	0.8340	34.9491	0.9684	21.7925	0.8851	29.1230	0.9170	0.02518
11	14000	iter	33.4789	0.9446	30.8967	0.9109	27.4594	0.8343	34.7427	0.9654	21.8299	0.8872	29.0614	0.9164	0.02084
11	16000	iter	33.4630	0.9455	30.8518	0.9111	27.3679	0.8321	34.4007	0.9647	22.5648	0.8888	29.1755	0.9166	0.02111
11	-	epoch	33.5288	0.9458	30.9278	0.9115	27.4464	0.8357	34.8059	0.9673	21.8192	0.8829	29.0865	0.9159	0.02230
12	2000	iter	33.5044	0.9455	30.9113	0.9111	27.4649	0.8350	34.7873	0.9658	23.2235	0.8723	29.5459	0.9118	0.02144
12	4000	iter	33.4253	0.9430	30.8213	0.9077	27.2917	0.8241	34.7185	0.9625	22.2936	0.8358	29.1750	0.8966	0.02569
12	6000	iter	33.4848	0.9457	30.9248	0.9125	27.4518	0.8368	34.5879	0.9651	23.1272	0.8896	29.4452	0.9177	0.02189
12	8000	iter	33.5270	0.9453	30.9247	0.9111	27.4599	0.8332	35.1023	0.9679	22.5113	0.8916	29.4169	0.9187	0.02611
12	10000	iter	33.4682	0.9449	30.8989	0.9114	27.4218	0.8331	34.8134	0.9659	22.0427	0.8846	29.1508	0.9157	0.02936
12	12000	iter	33.5584	0.9462	30.9581	0.9127	27.4714	0.8355	34.9600	0.9672	22.4156	0.8926	29.3461	0.9193	0.01796
12	14000	iter	33.5666	0.9460	30.9708	0.9125	27.5130	0.8370	35.1751	0.9686	21.7254	0.8887	29.1947	0.9186	0.01924
12	16000	iter	33.5124	0.9459	30.9511	0.9128	27.4851	0.8362	34.7449	0.9673	20.7629	0.8789	28.7191	0.9148	0.02148
12	-	epoch	33.5560	0.9455	30.9529	0.9119	27.4971	0.8370	35.1620	0.9691	22.6258	0.8930	29.4855	0.9201	0.02202
13	2000	iter	33.3959	0.9445	30.8464	0.9106	27.4053	0.8340	34.5552	0.9622	22.9241	0.8771	29.3428	0.9119	0.01838
13	4000	iter	33.5259	0.9456	30.9356	0.9119	27.4931	0.8360	35.0126	0.9681	22.0806	0.8843	29.2483	0.9167	0.02646
13	6000	iter	33.4930	0.9454	30.9129	0.9122	27.4609	0.8362	34.9074	0.9660	22.8799	0.8895	29.4698	0.9178	0.02330
13	8000	iter	33.5215	0.9462	30.9464	0.9132	27.4829	0.8378	34.9244	0.9674	22.8783	0.8936	29.4843	0.9200	0.02130
13	10000	iter	33.5188	0.9452	30.9814	0.9133	27.5412	0.8390	34.9613	0.9669	24.0658	0.8838	29.9025	0.9166	0.02313
13	12000	iter	33.5518	0.9455	30.9421	0.9111	27.5120	0.8348	35.1635	0.9688	23.7563	0.8746	29.8628	0.9135	0.02252
13	14000	iter	33.3810	0.9456	30.7865	0.9120	27.3351	0.8347	34.6262	0.9639	23.8887	0.8979	29.6719	0.9197	0.01801
13	16000	iter	33.5222	0.9453	30.9627	0.9123	27.5268	0.8360	35.0731	0.9693	23.5013	0.8878	29.7483	0.9183	0.02086
13	-	epoch	33.5241	0.9460	30.9100	0.9128	27.4599	0.8372	35.2427	0.9696	19.7891	0.8646	28.5544	0.9109	0.02177
14	2000	iter	33.5345	0.9459	30.9714	0.9132	27.5435	0.8393	35.1476	0.9681	20.4416	0.8770	28.7574	0.9149	0.02612
14	4000	iter	33.5494	0.9467	30.9843	0.9141	27.5467	0.8404	35.2036	0.9697	22.9776	0.8915	29.6249	0.9206	0.01810
14	6000	iter	33.5199	0.9455	30.9582	0.9135	27.5086	0.8379	35.1765	0.9676	22.9572	0.8883	29.5986	0.9183	0.01868
14	8000	iter	33.5657	0.9460	30.9738	0.9125	27.5291	0.8363	34.8941	0.9672	23.3255	0.8955	29.6363	0.9203	0.01962
14	10000	iter	33.6149	0.9470	30.9942	0.9132	27.5312	0.8379	35.3864	0.9705	22.4111	0.8868	29.5036	0.9189	0.02105
14	12000	iter	33.4398	0.9441	30.9281	0.9116	27.5093	0.8374	35.3739	0.9705	21.5657	0.8867	29.1884	0.9183	0.01569
14	14000	iter	33.6216	0.9468	31.0094	0.9136	27.5603	0.8391	35.5045	0.9701	24.3320	0.8927	30.1890	0.9209	0.01821
14	16000	iter	33.6328	0.9475	31.0199	0.9144	27.5851	0.8401	35.1727	0.9681	22.1430	0.8880	29.3539	0.9189	0.02003
14	-	epoch	33.6033	0.9469	31.0015	0.9142	27.5568	0.8403	35.4340	0.9711	24.0123	0.8975	30.0556	0.9230	0.02153
15	2000	iter	33.6189	0.9469	31.0258	0.9142	27.5672	0.8400	34.7848	0.9673	23.3185	0.9064	29.6136	0.9247	0.02152
15	4000	iter	33.6343	0.9472	31.0181	0.9145	27.5629	0.8405	35.6090	0.9720	23.1500	0.9005	29.8325	0.9244	0.02140
15	6000	iter	33.6582	0.9476	31.0421	0.9147	27.5764	0.8408	35.6566	0.9716	23.4580	0.8991	29.9578	0.9239	0.01976
15	8000	iter	33.6009	0.9467	30.9993	0.9132	27.5641	0.8384	35.2441	0.9696	23.9061	0.8884	29.9572	0.9191	0.02135
15	10000	iter	33.5578	0.9458	30.9683	0.9127	27.5283	0.8374	35.4481	0.9704	20.8834	0.8823	29.0054	0.9171	0.02640
15	12000	iter	33.5152	0.9457	30.9687	0.9130	27.5501	0.8380	35.1896	0.9693	23.9587	0.8876	29.9421	0.9186	0.02116
15	14000	iter	33.5722	0.9469	30.9305	0.9137	27.5035	0.8383	35.3481	0.9699	22.8499	0.8884	29.6222	0.9193	0.01993
15	16000	iter	33.6199	0.9473	30.9921	0.9137	27.5706	0.8399	35.5457	0.9714	23.5522	0.8853	29.9418	0.9190	0.02731
15	-	epoch	33.5633	0.9460	31.0112	0.9128	27.5454	0.8362	35.5435	0.9705	22.9505	0.8907	29.7335	0.9199	0.02135
16	2000	iter	33.6503	0.9469	31.0232	0.9135	27.5738	0.8378	35.6453	0.9712	23.7310	0.8893	30.0418	0.9200	0.01829
16	4000	iter	33.5443	0.9458	30.9479	0.9124	27.5284	0.8378	34.1665	0.9620	20.3360	0.8763	28.3920	0.9123	0.02610
16	6000	iter	33.5830	0.9457	30.9660	0.9122	27.5802	0.8377	35.3560	0.9703	23.6811	0.8929	29.9156	0.9206	0.01606
16	8000	iter	33.5227	0.9459	30.8870	0.9127	27.5164	0.8399	35.7181	0.9716	24.4422	0.8908	30.2674	0.9206	0.01948
16	10000	iter	33.5701	0.9463	30.9891	0.9137	27.5483	0.8370	35.4378	0.9691	22.7447	0.8989	29.6283	0.9223	0.02050
16	12000	iter	33.5786	0.9456	31.0189	0.9129	27.5590	0.8365	35.7658	0.9720	22.5134	0.8896	29.6660	0.9200	0.02144
16	14000	iter	33.6418	0.9467	31.0450	0.9143	27.5947	0.8400	35.8695	0.9730	21.3538	0.8862	29.3279	0.9199	0.02421
16	16000	iter	33.5808	0.9468	30.9811	0.9135	27.5476	0.8370	35.4485	0.9698	23.0978	0.8930	29.7498	0.9206	0.01958
16	-	epoch	33.4982	0.9451	30.8583	0.9109	27.4311	0.8348	34.5396	0.9604	22.2539	0.8884	29.1298	0.9152	0.02117
17	2000	iter	33.6802	0.9474	30.9470	0.9118	27.5834	0.8376	35.7204	0.9716	24.6936	0.8989	30.3836	0.9232	0.01999
17	4000	iter	33.6416	0.9466	31.0294	0.9135	27.5812	0.8391	35.0828	0.9675	23.4430	0.9090	29.7588	0.9254	0.01946
17	6000	iter	33.6418	0.9474	31.0265	0.9141	27.5579	0.8391	35.6355	0.9711	21.1768	0.8832	29.1848	0.9182	0.02239
17	8000	iter	33.6290	0.9471	31.0659	0.9145	27.5959	0.8397	35.6512	0.9708	24.3793	0.9021	30.2647	0.9245	0.01790
17	10000	iter	33.6068	0.9464	31.0492	0.9142	27.6052	0.8403	35.5682	0.9702	23.8578	0.8939	30.0599	0.9214	0.01768
17	12000	iter	33.6404	0.9465	31.0295	0.9131	27.5542	0.8367	35.6887	0.9719	23.8369	0.9042	30.0890	0.9250	0.02226
17	14000	iter	33.6000	0.9466	31.0164	0.9139	27.5286	0.8381	35.9354	0.9734	22.4910	0.8946	29.7138	0.9225	0.01905
17	16000	iter	33.6577	0.9465	31.0348	0.9128	27.5740	0.8365	35.8340	0.9724	24.1183	0.8994	30.2359	0.9235	0.01667
17	-	epoch	33.6224	0.9469	31.0565	0.9145	27.6325	0.8411	35.8768	0.9723	22.6149	0.8911	29.7540	0.9214	0.02093
18	2000	iter	33.6930	0.9479	31.0810	0.9156	27.6255	0.8422	35.9326	0.9736	24.2430	0.8904	30.3252	0.9220	0.02223
18	4000	iter	33.6340	0.9464	31.0556	0.9133	27.5448	0.8373	35.7922	0.9731	24.8804	0.9010	30.4725	0.9243	0.02248
18	6000	iter	33.6578	0.9475	31.0702	0.9149	27.5974	0.8407	35.7266	0.9732	23.1961	0.8479	29.8993	0.9074	0.02051
18	8000	iter	33.6335	0.9467	31.0627	0.9148	27.5975	0.8402	35.9148	0.9731	23.1973	0.9039	29.9589	0.9258	0.01985
18	10000	iter	33.6766	0.9473	31.0602	0.9145	27.5885	0.8404	35.6260	0.9718	23.1496	0.9000	29.8502	0.9242	0.02162
18	12000	iter	33.6885	0.9467	31.0817	0.9135	27.5961	0.8373	35.7752	0.9719	23.7068	0.9011	30.0903	0.9240	0.01956
18	14000	iter	33.6899	0.9477	31.0639	0.9147	27.5744	0.8379	35.8348	0.9729	24.1952	0.8943	30.2687	0.9224	0.03150
18	16000	iter	33.7058	0.9476	31.1008	0.9152	27.6400	0.8409	35.7882	0.9728	23.9755	0.9068	30.1931	0.9269	0.01980
18	-	epoch	33.6634	0.9477	31.0947	0.9156	27.6561	0.8426	35.9457	0.9735	24.4893	0.9041	30.4132	0.9265	0.02082
19	2000	iter	33.6702	0.9477	31.0810	0.9149	27.6112	0.8404	35.9895	0.9737	21.3302	0.8824	29.3690	0.9190	0.01843
19	4000	iter	33.6985	0.9477	31.0923	0.9152	27.6269	0.8413	35.6009	0.9709	22.4245	0.8859	29.6104	0.9194	0.02223
19	6000	iter	33.6855	0.9470	31.0596	0.9134	27.5687	0.8356	35.7632	0.9715	24.8348	0.8969	30.4564	0.9224	0.02525
19	8000	iter	33.6908	0.9474	31.0714	0.9145	27.5857	0.8384	35.7976	0.9724	23.7420	0.9081	30.1074	0.9269	0.01966
19	10000	iter	33.7154	0.9477	31.1045	0.9152	27.6464	0.8409	36.0445	0.9744	24.2016	0.8956	30.3561	0.9237	0.01994
19	12000	iter	33.6437	0.9474	31.0548	0.9150	27.5651	0.8395	35.8808	0.9729	23.8558	0.8897	30.1637	0.9211	0.02912
19	14000	iter	33.6152	0.9468	31.0293	0.9141	27.5710	0.8385	35.9915	0.9739	21.9472	0.8897	29.5591	0.9211	0.01957
19	16000	iter	33.6927	0.9474	31.0934	0.9150	27.6136	0.8403	35.1552	0.9698	23.1427	0.9019	29.6993	0.9242	0.01891
19	-	epoch	33.7146	0.9479	31.1114	0.9157	27.6531	0.8423	35.8411	0.9722	22.1379	0.8950	29.6018	0.9230	0.02075
20	2000	iter	33.6584	0.9471	31.0673	0.9143	27.6048	0.8390	36.0665	0.9741	24.0729	0.8730	30.3054	0.9157	0.01855
20	4000	iter	33.6710	0.9466	31.0832	0.9140	27.6044	0.8377	35.9119	0.9733	22.0655	0.8883	29.5879	0.9203	0.02416
20	6000	iter	33.7054	0.9475	31.0863	0.9146	27.6146	0.8384	36.1168	0.9744	24.2001	0.9069	30.3730	0.9272	0.01690
20	8000	iter	33.7152	0.9481	31.1163	0.9156	27.6408	0.8404	36.0789	0.9745	24.4838	0.9009	30.4623	0.9256	0.02058
20	10000	iter	33.6995	0.9478	31.1129	0.9153	27.6386	0.8404	36.0357	0.9738	23.5547	0.9117	30.1358	0.9289	0.01889
20	12000	iter	33.6548	0.9468	31.1073	0.9145	27.6562	0.8402	36.2076	0.9742	23.2158	0.9059	30.0765	0.9269	0.01855
20	14000	iter	33.6645	0.9470	31.1227	0.9158	27.6688	0.8420	35.9846	0.9730	23.9100	0.9117	30.2378	0.9288	0.02172
20	16000	iter	33.7342	0.9483	31.1207	0.9159	27.6528	0.8414	36.1111	0.9743	23.4349	0.9057	30.1273	0.9273	0.02737
20	-	epoch	33.7154	0.9476	31.0904	0.9148	27.6106	0.8397	35.9994	0.9739	23.3061	0.8926	30.0370	0.9224	0.02058
21	2000	iter	33.7039	0.9480	31.1064	0.9159	27.6735	0.8435	35.6107	0.9671	23.3531	0.9049	29.9306	0.9248	0.02200
21	4000	iter	33.7214	0.9481	31.1087	0.9157	27.6261	0.8415	36.1093	0.9747	23.3519	0.9080	30.0933	0.9282	0.02101
21	6000	iter	33.7145	0.9478	31.1205	0.9156	27.6722	0.8422	35.9474	0.9740	22.5205	0.8988	29.7679	0.9249	0.01948
21	8000	iter	33.7502	0.9482	31.1340	0.9158	27.6781	0.8418	36.1880	0.9748	24.6989	0.8979	30.5803	0.9249	0.01978
21	10000	iter	33.6769	0.9465	31.0577	0.9135	27.5445	0.8362	36.2154	0.9748	24.6683	0.9068	30.5478	0.9268	0.01827
21	12000	iter	33.7074	0.9480	31.1072	0.9156	27.6259	0.8402	35.8112	0.9716	21.9932	0.8913	29.5393	0.9214	0.01813
21	14000	iter	33.7010	0.9474	31.1163	0.9153	27.6889	0.8426	36.1220	0.9749	22.6461	0.9011	29.8678	0.9259	0.02193
21	16000	iter	33.7248	0.9480	31.1431	0.9159	27.6964	0.8424	36.0376	0.9738	22.9996	0.9001	29.9640	0.9254	0.02326
21	-	epoch	33.7245	0.9480	31.1186	0.9155	27.6610	0.8413	36.3416	0.9752	23.8369	0.9033	30.3378	0.9267	0.02043
22	2000	iter	33.6418	0.9464	31.0425	0.9129	27.5771	0.8366	36.0885	0.9741	24.5168	0.9148	30.4531	0.9292	0.02232
22	4000	iter	33.7015	0.9473	31.1347	0.9154	27.6547	0.8398	36.1892	0.9754	24.2295	0.9061	30.4163	0.9275	0.02109
22	6000	iter	33.7172	0.9481	31.1029	0.9154	27.6513	0.8423	35.9762	0.9719	24.8939	0.8995	30.5646	0.9245	0.02283
22	8000	iter	33.7243	0.9478	31.1494	0.9162	27.6796	0.8441	36.0684	0.9731	25.8430	0.9175	30.9209	0.9311	0.01745
22	10000	iter	33.6966	0.9478	31.1168	0.9154	27.6471	0.8399	36.1983	0.9741	22.9123	0.9058	29.9769	0.9270	0.01992
22	12000	iter	33.7046	0.9460	31.1195	0.9131	27.5939	0.8327	35.9788	0.9726	24.8365	0.8921	30.5404	0.9206	0.01611
22	14000	iter	33.7410	0.9481	31.1476	0.9160	27.6766	0.8411	36.2276	0.9744	23.6772	0.9102	30.2533	0.9288	0.01799
22	16000	iter	33.7190	0.9482	31.1174	0.9162	27.6438	0.8418	36.2695	0.9755	24.6043	0.9068	30.5668	0.9281	0.02815
22	-	epoch	33.6848	0.9477	31.0950	0.9153	27.6170	0.8378	35.6390	0.9714	24.3442	0.8996	30.2607	0.9237	0.02035
23	2000	iter	33.6847	0.9479	31.0735	0.9155	27.5757	0.8406	36.2232	0.9735	25.0974	0.9180	30.6995	0.9310	0.02320
23	4000	iter	33.7254	0.9477	31.1352	0.9151	27.6781	0.8397	36.2717	0.9747	23.6231	0.9067	30.2470	0.9274	0.02504
23	6000	iter	33.7580	0.9485	31.1544	0.9167	27.6889	0.8418	36.4663	0.9761	23.0095	0.9025	30.1143	0.9270	0.02087
23	8000	iter	33.7343	0.9484	31.1326	0.9166	27.6738	0.8430	36.4844	0.9758	25.1074	0.9031	30.8129	0.9272	0.01923
23	10000	iter	33.5939	0.9447	31.1327	0.9152	27.6465	0.8388	36.3204	0.9751	23.6171	0.9059	30.2428	0.9269	0.01700
23	12000	iter	33.6671	0.9477	31.1388	0.9164	27.6735	0.8420	36.2121	0.9751	22.3049	0.9016	29.7811	0.9262	0.02032
23	14000	iter	33.7140	0.9482	31.1584	0.9166	27.6870	0.8417	36.4406	0.9756	24.4096	0.9083	30.5678	0.9287	0.01626
23	16000	iter	33.7675	0.9489	31.1635	0.9169	27.6656	0.8400	36.3154	0.9745	23.9975	0.9092	30.3928	0.9285	0.01930
23	-	epoch	33.7539	0.9487	31.1541	0.9166	27.6207	0.8382	36.4349	0.9758	24.0787	0.9159	30.4522	0.9310	0.02022
24	2000	iter	33.7614	0.9485	31.1670	0.9163	27.6654	0.8383	36.4473	0.9758	24.4572	0.9071	30.5897	0.9280	0.02001
24	4000	iter	33.7563	0.9479	31.1468	0.9151	27.6043	0.8349	36.2847	0.9755	24.2051	0.9094	30.4419	0.9281	0.02115
24	6000	iter	33.7862	0.9490	31.1743	0.9169	27.7116	0.8419	36.4881	0.9757	25.1850	0.9130	30.8546	0.9304	0.01801
24	8000	iter	33.6886	0.9469	31.1292	0.9152	27.4256	0.8274	36.4550	0.9759	23.6363	0.9054	30.2797	0.9259	0.02286
24	10000	iter	33.7427	0.9487	31.1487	0.9166	27.5641	0.8350	36.3957	0.9752	23.9544	0.8934	30.3896	0.9229	0.01963
24	12000	iter	33.7496	0.9484	31.1419	0.9163	27.6586	0.8409	36.4371	0.9755	24.0368	0.9118	30.4413	0.9297	0.02446
24	14000	iter	33.7587	0.9487	31.1707	0.9170	27.6600	0.8405	36.4122	0.9750	24.8617	0.8995	30.7123	0.9255	0.02088
24	16000	iter	33.7557	0.9483	31.1597	0.9166	27.6273	0.8379	36.2185	0.9741	24.8468	0.9092	30.6376	0.9280	0.02081
24	-	epoch	33.6952	0.9480	31.1017	0.9151	27.6518	0.8405	36.3879	0.9748	22.3868	0.8997	29.8637	0.9252	0.02011
25	2000	iter	33.7476	0.9484	31.1267	0.9162	27.6183	0.8364	36.3240	0.9751	24.3857	0.9182	30.5135	0.9312	0.02250
25	4000	iter	33.7421	0.9483	31.1346	0.9161	27.6731	0.8419	36.4313	0.9756	22.8932	0.8962	30.0581	0.9246	0.01949
25	6000	iter	33.6800	0.9478	31.0907	0.9145	27.6804	0.8422	36.3337	0.9750	24.2669	0.9113	30.4726	0.9293	0.01449
25	8000	iter	33.6844	0.9473	31.0956	0.9141	27.6547	0.8383	36.2327	0.9747	23.6086	0.9136	30.2176	0.9294	0.02269
25	10000	iter	33.7389	0.9481	31.1291	0.9154	27.6665	0.8421	36.4508	0.9761	23.4828	0.9126	30.2595	0.9302	0.02152
25	12000	iter	33.7042	0.9473	31.1086	0.9150	27.6400	0.8419	36.0331	0.9735	23.8375	0.8940	30.2294	0.9230	0.01957
25	14000	iter	33.6942	0.9479	31.0846	0.9152	27.4867	0.8372	36.1429	0.9750	23.7985	0.8940	30.2322	0.9230	0.02131
25	16000	iter	33.7221	0.9480	31.1639	0.9164	27.6503	0.8396	36.2853	0.9739	24.8217	0.9182	30.6508	0.9312	0.02434
25	-	epoch	33.7032	0.9474	31.1628	0.9163	27.6895	0.8413	35.7345	0.9732	24.5023	0.8908	30.3629	0.9219	0.02017
26	2000	iter	33.7475	0.9480	31.1966	0.9167	27.7250	0.8442	36.5205	0.9762	25.3375	0.9180	30.9159	0.9324	0.01995
26	4000	iter	33.7104	0.9477	31.1067	0.9151	27.6457	0.8403	35.3451	0.9673	25.3729	0.9019	30.5130	0.9234	0.02135
26	6000	iter	33.7116	0.9473	31.1667	0.9161	27.6791	0.8417	36.5765	0.9767	24.4364	0.9040	30.6218	0.9275	0.02094
26	8000	iter	33.6961	0.9479	31.1300	0.9159	27.6629	0.8419	36.5888	0.9766	23.8051	0.9076	30.4079	0.9287	0.01735
26	10000	iter	33.7006	0.9469	31.1418	0.9155	27.6544	0.8402	36.5721	0.9764	24.0466	0.9143	30.4837	0.9305	0.01789
26	12000	iter	33.7142	0.9478	31.1669	0.9165	27.6666	0.8411	36.5169	0.9762	25.1505	0.9222	30.8389	0.9334	0.02048
26	14000	iter	33.6703	0.9476	31.0831	0.9152	27.6149	0.8409	36.3442	0.9757	24.7520	0.8893	30.6286	0.9221	0.01961
26	16000	iter	33.7076	0.9478	31.1457	0.9160	27.7048	0.8430	36.4728	0.9758	21.9757	0.8952	29.7671	0.9244	0.01878
26	-	epoch	33.7175	0.9475	31.1249	0.9150	27.6759	0.8406	36.4730	0.9755	25.9160	0.9228	31.0761	0.9331	0.02000
27	2000	iter	33.7666	0.9485	31.1863	0.9170	27.6971	0.8435	36.5391	0.9761	25.3389	0.9157	30.9204	0.9316	0.02169
27	4000	iter	33.7179	0.9471	31.1012	0.9137	27.5367	0.8355	36.3810	0.9762	24.8088	0.9220	30.6583	0.9323	0.01991
27	6000	iter	33.7737	0.9484	31.1753	0.9167	27.6158	0.8419	36.5201	0.9757	24.9923	0.9151	30.7891	0.9310	0.02215
27	8000	iter	33.7827	0.9488	31.1916	0.9169	27.6918	0.8429	36.5950	0.9763	24.2045	0.9088	30.5627	0.9293	0.01957
27	10000	iter	33.7862	0.9486	31.1721	0.9166	27.7147	0.8439	36.6071	0.9769	23.4949	0.9118	30.3310	0.9306	0.02013
27	12000	iter	33.8088	0.9489	31.1964	0.9173	27.7250	0.8445	36.5259	0.9763	25.4792	0.8964	30.9717	0.9254	0.01772
27	14000	iter	33.7961	0.9484	31.1798	0.9163	27.6379	0.8398	36.6408	0.9765	24.9477	0.9178	30.8199	0.9319	0.01854
27	16000	iter	33.7837	0.9481	31.1839	0.9160	27.7224	0.8433	36.5076	0.9760	25.2047	0.9185	30.8696	0.9323	0.01849
27	-	epoch	33.7986	0.9489	31.1896	0.9170	27.7078	0.8439	36.2760	0.9753	23.4183	0.8847	30.1977	0.9211	0.01985
28	2000	iter	33.6165	0.9452	31.0109	0.9112	27.2816	0.8238	31.6688	0.9336	24.7213	0.8973	29.0088	0.9081	0.01953
28	4000	iter	33.7075	0.9468	31.0984	0.9138	27.3294	0.8238	36.5035	0.9766	25.5533	0.9168	30.9228	0.9294	0.02131
28	6000	iter	33.7775	0.9479	31.1632	0.9158	27.6593	0.8401	36.6354	0.9763	24.3697	0.9131	30.6239	0.9302	0.02274
28	8000	iter	33.8156	0.9486	31.1755	0.9158	27.6899	0.8413	36.6916	0.9768	24.7566	0.9182	30.7806	0.9323	0.01757
28	10000	iter	33.5098	0.9447	30.9135	0.9105	27.1970	0.8190	35.2625	0.9685	21.4159	0.8901	29.0728	0.9166	0.01819
28	12000	iter	33.7683	0.9485	31.1377	0.9160	27.6795	0.8427	36.7087	0.9773	23.9642	0.9111	30.5116	0.9303	0.02162
28	14000	iter	33.7970	0.9489	31.1654	0.9168	27.6548	0.8426	36.4817	0.9761	24.7301	0.8680	30.6947	0.9156	0.02099
28	16000	iter	33.7937	0.9484	31.1786	0.9162	27.6366	0.8393	36.5783	0.9763	24.1198	0.9142	30.5226	0.9306	0.02151
28	-	epoch	33.7463	0.9482	31.1623	0.9163	27.5395	0.8371	36.7270	0.9771	24.8547	0.9213	30.7993	0.9330	0.01986
29	2000	iter	33.7698	0.9486	31.1904	0.9169	27.7406	0.8444	36.3408	0.9755	25.8041	0.9037	31.0151	0.9275	0.02002
29	4000	iter	33.8141	0.9492	31.1671	0.9168	27.6594	0.8415	36.5023	0.9760	22.4921	0.9040	29.9582	0.9275	0.02562
29	6000	iter	33.7784	0.9479	31.1539	0.9153	27.6279	0.8396	36.5507	0.9765	25.0547	0.8995	30.8196	0.9257	0.02384
29	8000	iter	33.7358	0.9480	31.1409	0.9159	27.6686	0.8420	36.5270	0.9760	21.4885	0.8827	29.6213	0.9202	0.02163
29	10000	iter	33.7675	0.9483	31.1843	0.9163	27.7163	0.8430	36.5089	0.9765	25.3308	0.9039	30.9097	0.9276	0.02034
29	12000	iter	33.7756	0.9485	31.1867	0.9163	27.6714	0.8400	36.6677	0.9770	24.7707	0.8999	30.7721	0.9262	0.02118
29	14000	iter	33.7431	0.9479	31.1576	0.9160	27.5254	0.8348	36.2644	0.9741	24.1609	0.9100	30.4113	0.9279	0.01700
29	16000	iter	33.7251	0.9475	31.1564	0.9156	27.6635	0.8401	36.2947	0.9760	24.4799	0.9105	30.5410	0.9292	0.02426
29	-	epoch	33.8024	0.9493	31.2193	0.9176	27.6565	0.8402	36.8509	0.9775	25.5433	0.9111	31.0956	0.9303	0.01979
30	2000	iter	33.7794	0.9486	31.2261	0.9173	27.7285	0.8437	36.6405	0.9763	25.2717	0.9147	30.9412	0.9314	0.01845
30	4000	iter	33.7977	0.9490	31.1785	0.9169	27.5971	0.8372	36.6452	0.9765	24.4745	0.9056	30.6591	0.9277	0.01852
30	6000	iter	33.8115	0.9490	31.1846	0.9165	27.5963	0.8374	36.5369	0.9751	24.1447	0.9151	30.5152	0.9304	0.02260
30	8000	iter	33.7878	0.9485	31.1674	0.9157	27.6329	0.8383	36.6529	0.9764	25.4201	0.9223	30.9786	0.9332	0.01904
30	10000	iter	33.7944	0.9485	31.1783	0.9162	27.6639	0.8407	36.7826	0.9773	24.3602	0.9221	30.6739	0.9337	0.01943
30	12000	iter	33.7997	0.9485	31.1839	0.9163	27.6538	0.8413	36.5304	0.9758	24.3730	0.8893	30.5942	0.9224	0.01774
30	14000	iter	33.7598	0.9480	31.1988	0.9163	27.7338	0.8428	36.6929	0.9771	25.5718	0.9303	31.0540	0.9366	0.01846
30	16000	iter	33.7908	0.9491	31.1767	0.9173	27.6913	0.8454	36.3114	0.9714	24.0856	0.9161	30.4278	0.9305	0.02408
30	-	epoch	33.7621	0.9481	31.1993	0.9168	27.7339	0.8446	36.6536	0.9770	25.9568	0.9125	31.1696	0.9309	0.01966
31	2000	iter	33.7971	0.9481	31.1908	0.9156	27.7077	0.8411	36.6748	0.9772	25.4852	0.9080	31.0195	0.9290	0.01950
31	4000	iter	33.7511	0.9478	31.1559	0.9156	27.5658	0.8359	36.2887	0.9749	23.3334	0.9095	30.1488	0.9281	0.02266
31	6000	iter	33.8331	0.9494	31.1950	0.9168	27.6493	0.8402	36.6187	0.9765	25.3470	0.9136	30.9527	0.9308	0.02313
31	8000	iter	33.7880	0.9485	31.2132	0.9171	27.7259	0.8442	36.6451	0.9769	25.1224	0.9247	30.8922	0.9350	0.01700
31	10000	iter	33.7552	0.9478	31.1851	0.9168	27.7164	0.8441	36.7040	0.9764	23.3557	0.9132	30.3151	0.9309	0.01841
31	12000	iter	33.7745	0.9485	31.1926	0.9167	27.7577	0.8439	36.7883	0.9773	25.1624	0.9166	30.9530	0.9323	0.02336
31	14000	iter	33.7482	0.9482	31.1842	0.9161	27.7367	0.8437	35.8802	0.9718	24.6781	0.9124	30.4827	0.9289	0.02035
31	16000	iter	33.7493	0.9483	31.1994	0.9173	27.7380	0.8445	36.8333	0.9771	24.5232	0.9191	30.7507	0.9332	0.02074
31	-	epoch	33.8095	0.9489	31.2437	0.9176	27.7923	0.8453	36.8182	0.9772	25.8973	0.9154	31.2214	0.9322	0.01964
32	2000	iter	33.7757	0.9488	31.2167	0.9170	27.7809	0.8450	36.5133	0.9767	25.8075	0.9191	31.0817	0.9331	0.01990
0	0	init	33.8143	0.9489	31.2427	0.9176	27.7905	0.8453	36.8182	0.9772	25.8973	0.9154	31.2216	0.9322	-
32	2000	iter	33.7800	0.9487	31.2097	0.9168	27.7715	0.8449	36.6477	0.9760	25.1883	0.9179	30.9188	0.9324	0.01880
32	4000	iter	33.8114	0.9489	31.2115	0.9169	27.7607	0.8445	36.6712	0.9773	24.3271	0.9086	30.6421	0.9298	0.02007
32	6000	iter	33.6830	0.9476	31.1930	0.9164	27.7574	0.8446	36.7377	0.9769	25.4148	0.9316	31.0101	0.9371	0.01734
0	0	init	33.8143	0.9489	31.2427	0.9176	27.7905	0.8453	36.8182	0.9772	25.8973	0.9154	31.2216	0.9322	-
32	2000	iter	33.7630	0.9480	31.2079	0.9169	27.7404	0.8435	36.8516	0.9776	25.5827	0.9175	31.1127	0.9327	0.01850
0	0	init	33.8143	0.9489	31.2427	0.9176	27.7905	0.8453	36.8182	0.9772	25.8973	0.9154	31.2216	0.9322	-
32	2000	iter	33.7923	0.9486	31.2315	0.9169	27.7707	0.8440	36.8663	0.9777	25.0877	0.9146	30.9619	0.9318	0.01771
32	4000	iter	33.7677	0.9487	31.2025	0.9168	27.7129	0.8439	36.6622	0.9761	24.7549	0.9185	30.7705	0.9326	0.02138
32	6000	iter	33.8150	0.9489	31.2375	0.9172	27.7831	0.8449	36.9480	0.9781	23.1902	0.9100	30.3611	0.9306	0.01608
32	8000	iter	33.8539	0.9491	31.2519	0.9175	27.7918	0.8453	36.7679	0.9777	23.9268	0.9158	30.5535	0.9325	0.02445
32	10000	iter	33.7944	0.9484	31.1942	0.9160	27.7512	0.8430	33.8246	0.9543	25.2896	0.9268	30.0092	0.9279	0.01608
32	12000	iter	33.7651	0.9479	31.2103	0.9171	27.7799	0.8440	36.6558	0.9764	25.2586	0.9049	30.9443	0.9281	0.01738
32	14000	iter	33.7826	0.9492	31.1966	0.9174	27.7498	0.8440	36.7055	0.9761	23.8727	0.9104	30.4959	0.9300	0.02019
32	16000	iter	33.8222	0.9491	31.2539	0.9180	27.7834	0.8448	36.9014	0.9780	23.6098	0.9139	30.4881	0.9319	0.01917
32	-	epoch	33.8053	0.9492	31.2004	0.9173	27.7531	0.8449	36.3298	0.9743	25.3434	0.9049	30.8643	0.9277	0.01955
33	2000	iter	33.8051	0.9489	31.2268	0.9174	27.7643	0.8433	36.5431	0.9758	24.2789	0.9164	30.5847	0.9318	0.02097
33	4000	iter	33.7954	0.9484	31.2428	0.9173	27.7963	0.8449	36.9322	0.9776	24.4561	0.9011	30.7777	0.9274	0.01873
33	6000	iter	33.8151	0.9489	31.2262	0.9169	27.7492	0.8435	36.7154	0.9771	24.6686	0.9034	30.7714	0.9279	0.01648
33	8000	iter	33.8313	0.9490	31.2277	0.9173	27.7629	0.8449	36.4964	0.9763	24.6913	0.9136	30.7094	0.9312	0.02153
33	10000	iter	33.8437	0.9493	31.2397	0.9173	27.7533	0.8435	36.9393	0.9776	26.2916	0.9302	31.3921	0.9371	0.02039
33	12000	iter	33.8150	0.9487	31.2075	0.9163	27.7478	0.8434	36.5329	0.9769	23.8508	0.9192	30.4357	0.9330	0.02392
33	14000	iter	33.8263	0.9491	31.2156	0.9168	27.7430	0.8426	33.3673	0.9386	25.8265	0.9140	30.0407	0.9185	0.01988
33	16000	iter	33.8258	0.9491	31.2128	0.9172	27.7652	0.8444	36.8186	0.9777	26.1907	0.9185	31.3146	0.9332	0.01870
33	-	epoch	33.8607	0.9495	31.2556	0.9180	27.7841	0.8461	36.9046	0.9777	26.1563	0.9134	31.3426	0.9319	0.01946
34	2000	iter	33.8660	0.9494	31.2561	0.9176	27.7630	0.8440	36.8646	0.9779	25.6020	0.9180	31.1428	0.9332	0.01901
34	4000	iter	33.8501	0.9492	31.2405	0.9173	27.7590	0.8439	36.8782	0.9774	24.7535	0.9265	30.8605	0.9358	0.01591
34	6000	iter	33.8508	0.9494	31.2515	0.9178	27.8007	0.8456	36.9298	0.9781	24.8594	0.9244	30.9190	0.9356	0.01888
34	8000	iter	33.8077	0.9486	31.2012	0.9158	27.7101	0.8402	36.5260	0.9750	26.0750	0.9205	31.1691	0.9324	0.02527
34	10000	iter	33.8501	0.9493	31.2571	0.9181	27.7881	0.8460	36.9394	0.9779	25.0393	0.9110	30.9813	0.9311	0.02203
34	12000	iter	33.8446	0.9494	31.2550	0.9182	27.7973	0.8464	36.7292	0.9765	23.9912	0.8939	30.5620	0.9250	0.02253
34	14000	iter	33.8708	0.9494	31.2703	0.9178	27.8147	0.8459	36.8638	0.9782	25.6640	0.9307	31.1710	0.9378	0.02167
34	16000	iter	33.8410	0.9488	31.2429	0.9170	27.7873	0.8438	36.9512	0.9778	25.7259	0.9239	31.2114	0.9350	0.01822
34	-	epoch	33.8500	0.9492	31.2447	0.9172	27.8012	0.8447	36.9471	0.9778	25.4272	0.9233	31.1132	0.9349	0.01937
35	2000	iter	33.8737	0.9496	31.2674	0.9181	27.8026	0.8456	36.8770	0.9776	25.7837	0.9187	31.2140	0.9336	0.01716
35	4000	iter	33.8696	0.9494	31.2609	0.9176	27.7945	0.8461	36.9912	0.9783	23.9087	0.9173	30.6250	0.9333	0.01753
35	6000	iter	33.8749	0.9499	31.2609	0.9181	27.7863	0.8451	36.7711	0.9776	25.9005	0.9293	31.2152	0.9371	0.01633
35	8000	iter	33.8552	0.9496	31.2477	0.9176	27.7658	0.8438	36.8855	0.9781	25.5078	0.9030	31.1165	0.9283	0.01866
35	10000	iter	33.8655	0.9495	31.2512	0.9176	27.7536	0.8438	36.6267	0.9765	24.6726	0.9249	30.7520	0.9350	0.01732
35	12000	iter	33.8063	0.9479	31.2119	0.9160	27.7414	0.8411	36.6467	0.9765	23.3262	0.9143	30.2976	0.9308	0.01969
35	14000	iter	33.8687	0.9496	31.2623	0.9184	27.7982	0.8470	36.9782	0.9783	24.9194	0.9241	30.9580	0.9358	0.01750
35	16000	iter	33.8400	0.9490	31.2324	0.9172	27.7299	0.8428	36.4991	0.9766	23.4233	0.9118	30.2855	0.9305	0.02150
35	-	epoch	33.7905	0.9487	31.1915	0.9161	27.7056	0.8434	34.1508	0.9626	23.8001	0.9095	29.6156	0.9250	nan
36	2000	iter	33.8717	0.9494	31.2691	0.9181	27.7820	0.8452	36.9109	0.9774	24.4241	0.9249	30.7698	0.9355	0.01833
36	4000	iter	33.8598	0.9491	31.2540	0.9172	27.8163	0.8457	36.7360	0.9781	25.8263	0.9096	31.1797	0.9306	0.02008
36	6000	iter	33.8760	0.9493	31.2650	0.9175	27.7918	0.8452	37.0036	0.9782	26.1531	0.9210	31.3781	0.9344	0.01919
36	8000	iter	33.7994	0.9491	31.1392	0.9171	27.5775	0.8425	36.7661	0.9775	25.5796	0.8987	31.0615	0.9264	0.01750
36	10000	iter	33.8404	0.9490	31.2328	0.9172	27.7081	0.8433	36.7565	0.9772	23.2764	0.9106	30.3200	0.9303	0.01584
36	12000	iter	33.8586	0.9494	31.2403	0.9174	27.7461	0.8440	36.9723	0.9781	24.8359	0.9226	30.9188	0.9348	0.01647
36	14000	iter	33.8724	0.9499	31.2598	0.9184	27.7713	0.8459	36.9456	0.9776	23.5681	0.9040	30.4938	0.9288	0.02311
36	16000	iter	33.8981	0.9499	31.2930	0.9185	27.8343	0.8467	37.0688	0.9788	25.5568	0.9309	31.2114	0.9382	0.01913
36	-	epoch	33.8777	0.9499	31.2804	0.9189	27.8070	0.8481	36.8603	0.9782	24.6309	0.9238	30.8265	0.9359	nan
37	2000	iter	33.8098	0.9489	31.2434	0.9176	27.7584	0.8462	37.0263	0.9783	26.0472	0.9294	31.3369	0.9373	0.01679
37	4000	iter	33.8499	0.9494	31.2435	0.9175	27.7820	0.8458	37.1989	0.9792	25.3740	0.9328	31.1771	0.9387	0.01874
37	6000	iter	33.8609	0.9496	31.2370	0.9168	27.7707	0.8436	36.9602	0.9788	25.0873	0.9256	31.0012	0.9359	0.01776
37	8000	iter	33.8877	0.9496	31.2803	0.9181	27.8431	0.8465	37.0327	0.9785	24.8397	0.9201	30.9587	0.9345	0.02208
37	10000	iter	33.8630	0.9496	31.2661	0.9181	27.7986	0.8464	36.7709	0.9772	23.6388	0.9176	30.4619	0.9332	0.01669
37	12000	iter	33.8610	0.9493	31.2732	0.9180	27.8158	0.8459	36.9405	0.9785	26.0570	0.9352	31.3269	0.9394	0.01946
37	14000	iter	33.8070	0.9491	31.2698	0.9184	27.8018	0.8464	36.6293	0.9772	25.7516	0.9105	31.1135	0.9308	0.01504
37	16000	iter	33.8762	0.9496	31.2881	0.9185	27.8508	0.8476	36.8259	0.9778	26.1157	0.9082	31.3155	0.9304	0.01854
37	-	epoch	33.8721	0.9496	31.2751	0.9182	27.8083	0.8479	37.0864	0.9787	26.5453	0.9144	31.5390	0.9328	0.01924
38	2000	iter	33.8613	0.9497	31.2595	0.9181	27.8135	0.8468	37.0690	0.9788	25.0104	0.9107	31.0192	0.9314	0.01706
38	4000	iter	33.8659	0.9494	31.2579	0.9181	27.8165	0.8469	36.9493	0.9774	25.6378	0.9345	31.1891	0.9389	0.01970
38	6000	iter	33.8000	0.9483	31.2544	0.9176	27.7631	0.8449	36.8089	0.9782	25.4002	0.9006	31.0494	0.9275	0.02132
38	8000	iter	33.8610	0.9495	31.2445	0.9176	27.8212	0.8456	36.7852	0.9769	25.8947	0.9274	31.2185	0.9362	0.01699
38	10000	iter	33.8874	0.9497	31.2727	0.9179	27.8441	0.8468	36.9522	0.9782	24.9367	0.9231	30.9634	0.9354	0.01875
38	12000	iter	33.8846	0.9499	31.2853	0.9185	27.8581	0.8478	37.0093	0.9783	25.7915	0.8940	31.2700	0.9259	0.01486
38	14000	iter	33.8489	0.9498	31.2660	0.9188	27.8234	0.8480	37.0542	0.9775	24.7861	0.9195	30.9399	0.9342	0.01988
38	16000	iter	33.8305	0.9493	31.2943	0.9190	27.8630	0.8486	36.9483	0.9785	26.0101	0.9163	31.3181	0.9335	0.01914
38	-	epoch	33.8709	0.9496	31.2637	0.9182	27.8114	0.8474	36.8226	0.9770	25.6104	0.9270	31.1383	0.9364	nan
39	2000	iter	33.8888	0.9495	31.2746	0.9178	27.8197	0.8469	36.9703	0.9779	25.4950	0.9203	31.1532	0.9343	0.01941
39	4000	iter	33.8664	0.9493	31.2458	0.9174	27.7615	0.8444	37.0662	0.9784	25.3916	0.9161	31.1386	0.9327	0.02292
39	6000	iter	33.8742	0.9492	31.2735	0.9179	27.8326	0.8460	37.1078	0.9786	26.5924	0.9254	31.5645	0.9361	0.01817
39	8000	iter	33.8492	0.9490	31.2488	0.9172	27.7758	0.8439	36.9388	0.9769	24.9996	0.9110	30.9655	0.9304	0.01784
39	10000	iter	33.8939	0.9500	31.2898	0.9185	27.8624	0.8469	37.1264	0.9789	26.9976	0.9295	31.7131	0.9378	0.02063
39	12000	iter	33.8882	0.9497	31.2878	0.9180	27.8527	0.8467	37.1494	0.9790	25.7171	0.9324	31.2920	0.9387	0.02043
39	14000	iter	33.8598	0.9493	31.2450	0.9175	27.7788	0.8440	36.9563	0.9776	24.1286	0.9235	30.6820	0.9349	0.02138
39	16000	iter	33.8702	0.9496	31.2542	0.9178	27.8271	0.8464	37.0509	0.9783	25.5131	0.9241	31.1826	0.9356	0.01693
39	-	epoch	33.8552	0.9490	31.2397	0.9168	27.7863	0.8434	37.0210	0.9788	25.2125	0.9286	31.0646	0.9368	0.01910
40	2000	iter	33.9004	0.9497	31.2896	0.9181	27.8534	0.8457	37.0927	0.9780	26.0137	0.9305	31.3736	0.9377	0.01557
40	4000	iter	33.8741	0.9498	31.2644	0.9179	27.8482	0.8468	37.0920	0.9785	26.3114	0.9318	31.4663	0.9384	0.01720
40	6000	iter	33.8770	0.9496	31.2634	0.9180	27.8331	0.8477	37.0650	0.9784	25.2508	0.9321	31.1023	0.9385	0.01924
40	8000	iter	33.8778	0.9497	31.2608	0.9178	27.8263	0.8473	37.0983	0.9782	25.2307	0.9259	31.1058	0.9363	0.01728
40	10000	iter	33.8898	0.9498	31.2831	0.9184	27.8330	0.8463	36.8920	0.9781	26.1443	0.9376	31.3461	0.9402	0.01660
40	12000	iter	33.8620	0.9492	31.2649	0.9172	27.8324	0.8455	36.8230	0.9769	26.2088	0.9139	31.3394	0.9316	0.02953
40	14000	iter	33.8564	0.9499	31.2826	0.9184	27.8412	0.8468	37.0877	0.9784	25.3466	0.9239	31.1426	0.9358	0.01648
40	16000	iter	33.8048	0.9487	31.2589	0.9180	27.8122	0.8466	37.0105	0.9784	24.8625	0.9211	30.9439	0.9346	0.01865
40	-	epoch	33.8840	0.9499	31.3075	0.9186	27.8340	0.8479	37.2068	0.9791	25.9065	0.9324	31.3739	0.9390	nan
41	2000	iter	33.8199	0.9486	31.2583	0.9180	27.8356	0.8461	36.9429	0.9774	26.6730	0.9250	31.5290	0.9355	0.02184
41	4000	iter	33.8227	0.9492	31.2652	0.9185	27.8622	0.8493	36.9596	0.9778	24.2358	0.9188	30.7262	0.9341	0.02108
41	6000	iter	33.7845	0.9478	31.2606	0.9174	27.7873	0.8436	37.1016	0.9790	26.1698	0.9250	31.4052	0.9356	0.01942
41	8000	iter	33.8721	0.9489	31.2712	0.9169	27.8285	0.8450	37.0954	0.9786	26.2861	0.9206	31.4574	0.9343	0.01619
41	10000	iter	33.9044	0.9499	31.3058	0.9186	27.8554	0.8469	36.8963	0.9787	25.4623	0.9270	31.1268	0.9370	0.01868
0	0	init	33.8942	0.9500	31.2938	0.9187	27.8665	0.8471	37.1264	0.9789	26.9976	0.9295	31.7141	0.9379	-
40	2000	iter	33.8743	0.9497	31.2754	0.9182	27.8280	0.8466	37.0128	0.9784	26.0800	0.9295	31.3618	0.9376	0.01657
40	4000	iter	33.8443	0.9490	31.2466	0.9174	27.7918	0.8443	37.0987	0.9786	26.2648	0.9374	31.4415	0.9399	0.02163
40	6000	iter	33.9054	0.9498	31.3012	0.9186	27.8577	0.8481	37.1815	0.9791	25.2422	0.9303	31.1484	0.9383	0.01733
40	8000	iter	33.8662	0.9493	31.2538	0.9174	27.8076	0.8445	37.1284	0.9792	25.2599	0.9170	31.1214	0.9333	0.02033
40	10000	iter	33.8969	0.9497	31.2869	0.9178	27.8104	0.8438	37.2012	0.9792	25.4059	0.9312	31.2017	0.9381	0.01892
40	12000	iter	33.8790	0.9493	31.2690	0.9174	27.8215	0.8459	37.1528	0.9790	24.9370	0.9260	31.0266	0.9364	0.01933
40	14000	iter	33.8996	0.9495	31.2653	0.9163	27.7786	0.8409	37.1417	0.9785	23.1778	0.9107	30.4336	0.9305	0.01856
40	16000	iter	33.8964	0.9497	31.2916	0.9181	27.8458	0.8469	37.2480	0.9795	22.6685	0.9129	30.3093	0.9324	0.01793
40	-	epoch	33.8785	0.9496	31.2684	0.9181	27.8652	0.8484	36.7109	0.9751	26.5190	0.9298	31.4113	0.9368	nan
41	2000	iter	33.8517	0.9493	31.2452	0.9169	27.8260	0.8453	36.9363	0.9780	26.7792	0.9322	31.5633	0.9380	nan
41	4000	iter	nan	nan	nan	nan	nan	nan	nan	nan	nan	nan	nan	nan	nan
41	6000	iter	nan	nan	nan	nan	nan	nan	nan	nan	nan	nan	nan	nan	nan
41	8000	iter	nan	nan	nan	nan	nan	nan	nan	nan	nan	nan	nan	nan	nan
41	10000	iter	nan	nan	nan	nan	nan	nan	nan	nan	nan	nan	nan	nan	nan
41	12000	iter	nan	nan	nan	nan	nan	nan	nan	nan	nan	nan	nan	nan	nan
41	14000	iter	nan	nan	nan	nan	nan	nan	nan	nan	nan	nan	nan	nan	nan
41	16000	iter	nan	nan	nan	nan	nan	nan	nan	nan	nan	nan	nan	nan	nan
41	-	epoch	nan	nan	nan	nan	nan	nan	nan	nan	nan	nan	nan	nan	nan
42	2000	iter	nan	nan	nan	nan	nan	nan	nan	nan	nan	nan	nan	nan	nan
42	4000	iter	nan	nan	nan	nan	nan	nan	nan	nan	nan	nan	nan	nan	nan
42	6000	iter	nan	nan	nan	nan	nan	nan	nan	nan	nan	nan	nan	nan	nan
42	8000	iter	nan	nan	nan	nan	nan	nan	nan	nan	nan	nan	nan	nan	nan
42	10000	iter	nan	nan	nan	nan	nan	nan	nan	nan	nan	nan	nan	nan	nan
42	12000	iter	nan	nan	nan	nan	nan	nan	nan	nan	nan	nan	nan	nan	nan
42	14000	iter	nan	nan	nan	nan	nan	nan	nan	nan	nan	nan	nan	nan	nan
42	16000	iter	nan	nan	nan	nan	nan	nan	nan	nan	nan	nan	nan	nan	nan
42	-	epoch	nan	nan	nan	nan	nan	nan	nan	nan	nan	nan	nan	nan	nan
43	2000	iter	nan	nan	nan	nan	nan	nan	nan	nan	nan	nan	nan	nan	nan
43	4000	iter	nan	nan	nan	nan	nan	nan	nan	nan	nan	nan	nan	nan	nan
43	6000	iter	nan	nan	nan	nan	nan	nan	nan	nan	nan	nan	nan	nan	nan
43	8000	iter	nan	nan	nan	nan	nan	nan	nan	nan	nan	nan	nan	nan	nan
43	10000	iter	nan	nan	nan	nan	nan	nan	nan	nan	nan	nan	nan	nan	nan
43	12000	iter	nan	nan	nan	nan	nan	nan	nan	nan	nan	nan	nan	nan	nan
43	14000	iter	nan	nan	nan	nan	nan	nan	nan	nan	nan	nan	nan	nan	nan
43	16000	iter	nan	nan	nan	nan	nan	nan	nan	nan	nan	nan	nan	nan	nan
43	-	epoch	nan	nan	nan	nan	nan	nan	nan	nan	nan	nan	nan	nan	nan
44	2000	iter	nan	nan	nan	nan	nan	nan	nan	nan	nan	nan	nan	nan	nan
44	4000	iter	nan	nan	nan	nan	nan	nan	nan	nan	nan	nan	nan	nan	nan
44	6000	iter	nan	nan	nan	nan	nan	nan	nan	nan	nan	nan	nan	nan	nan
44	8000	iter	nan	nan	nan	nan	nan	nan	nan	nan	nan	nan	nan	nan	nan
0	0	init	33.8942	0.9500	31.2938	0.9187	27.8665	0.8471	37.1264	0.9789	26.9976	0.9295	31.7141	0.9379	-
40	2000	iter	33.8646	0.9487	31.2655	0.9165	27.8112	0.8434	37.1565	0.9789	26.6454	0.9276	31.5941	0.9365	0.01761
40	4000	iter	33.8661	0.9496	31.2682	0.9183	27.7765	0.8439	37.2127	0.9790	26.5708	0.9375	31.5846	0.9402	0.02217
40	6000	iter	33.8314	0.9484	31.2235	0.9161	27.7379	0.8407	37.1618	0.9792	23.4179	0.9120	30.5035	0.9310	0.01594
0	0	init	33.8942	0.9500	31.2938	0.9187	27.8665	0.8471	37.1264	0.9789	26.9976	0.9295	31.7141	0.9379	-
40	2000	iter	33.8556	0.9492	31.2411	0.9171	27.7755	0.8430	36.9566	0.9781	26.2498	0.9318	31.3879	0.9376	0.01537
40	4000	iter	33.8646	0.9493	31.2584	0.9174	27.7678	0.8431	37.1372	0.9791	26.6291	0.9375	31.5766	0.9400	0.02077
40	6000	iter	33.8849	0.9496	31.2847	0.9184	27.8389	0.8476	37.1731	0.9791	23.7461	0.9127	30.6406	0.9323	0.01450
40	8000	iter	33.8944	0.9496	31.2899	0.9184	27.8336	0.8461	37.2254	0.9795	25.4135	0.9207	31.2150	0.9350	0.01966
40	10000	iter	33.8248	0.9486	31.2763	0.9176	27.7677	0.8432	37.1804	0.9790	25.8042	0.9333	31.3136	0.9385	0.01692
40	12000	iter	33.8193	0.9485	31.2815	0.9178	27.8254	0.8456	37.0758	0.9788	25.8683	0.9277	31.3065	0.9368	0.01828
40	14000	iter	33.8883	0.9495	31.2999	0.9180	27.8193	0.8448	37.1195	0.9787	23.0412	0.9089	30.3877	0.9306	0.01817
40	16000	iter	33.9041	0.9499	31.3079	0.9185	27.8395	0.8458	37.1828	0.9795	24.3324	0.9214	30.8441	0.9352	0.01887
40	-	epoch	33.8792	0.9494	31.2552	0.9176	27.7951	0.8467	36.8372	0.9769	26.5722	0.9293	31.4620	0.9369	0.01898
41	2000	iter	33.7653	0.9488	31.1722	0.9172	27.6855	0.8445	36.8626	0.9768	26.2686	0.9207	31.3352	0.9337	nan
41	4000	iter	nan	nan	nan	nan	nan	nan	nan	nan	nan	nan	nan	nan	nan
41	6000	iter	nan	nan	nan	nan	nan	nan	nan	nan	nan	nan	nan	nan	nan
41	8000	iter	nan	nan	nan	nan	nan	nan	nan	nan	nan	nan	nan	nan	nan
41	10000	iter	nan	nan	nan	nan	nan	nan	nan	nan	nan	nan	nan	nan	nan
41	12000	iter	nan	nan	nan	nan	nan	nan	nan	nan	nan	nan	nan	nan	nan
41	14000	iter	nan	nan	nan	nan	nan	nan	nan	nan	nan	nan	nan	nan	nan
41	16000	iter	nan	nan	nan	nan	nan	nan	nan	nan	nan	nan	nan	nan	nan
41	-	epoch	nan	nan	nan	nan	nan	nan	nan	nan	nan	nan	nan	nan	nan
42	2000	iter	nan	nan	nan	nan	nan	nan	nan	nan	nan	nan	nan	nan	nan
42	4000	iter	nan	nan	nan	nan	nan	nan	nan	nan	nan	nan	nan	nan	nan
42	6000	iter	nan	nan	nan	nan	nan	nan	nan	nan	nan	nan	nan	nan	nan
42	8000	iter	nan	nan	nan	nan	nan	nan	nan	nan	nan	nan	nan	nan	nan
42	10000	iter	nan	nan	nan	nan	nan	nan	nan	nan	nan	nan	nan	nan	nan
42	12000	iter	nan	nan	nan	nan	nan	nan	nan	nan	nan	nan	nan	nan	nan
42	14000	iter	nan	nan	nan	nan	nan	nan	nan	nan	nan	nan	nan	nan	nan
42	16000	iter	nan	nan	nan	nan	nan	nan	nan	nan	nan	nan	nan	nan	nan
42	-	epoch	nan	nan	nan	nan	nan	nan	nan	nan	nan	nan	nan	nan	nan
43	2000	iter	nan	nan	nan	nan	nan	nan	nan	nan	nan	nan	nan	nan	nan
43	4000	iter	nan	nan	nan	nan	nan	nan	nan	nan	nan	nan	nan	nan	nan
43	6000	iter	nan	nan	nan	nan	nan	nan	nan	nan	nan	nan	nan	nan	nan
43	8000	iter	nan	nan	nan	nan	nan	nan	nan	nan	nan	nan	nan	nan	nan
43	10000	iter	nan	nan	nan	nan	nan	nan	nan	nan	nan	nan	nan	nan	nan
43	12000	iter	nan	nan	nan	nan	nan	nan	nan	nan	nan	nan	nan	nan	nan
43	14000	iter	nan	nan	nan	nan	nan	nan	nan	nan	nan	nan	nan	nan	nan
43	16000	iter	nan	nan	nan	nan	nan	nan	nan	nan	nan	nan	nan	nan	nan
43	-	epoch	nan	nan	nan	nan	nan	nan	nan	nan	nan	nan	nan	nan	nan
44	2000	iter	nan	nan	nan	nan	nan	nan	nan	nan	nan	nan	nan	nan	nan
44	4000	iter	nan	nan	nan	nan	nan	nan	nan	nan	nan	nan	nan	nan	nan
44	6000	iter	nan	nan	nan	nan	nan	nan	nan	nan	nan	nan	nan	nan	nan
44	8000	iter	nan	nan	nan	nan	nan	nan	nan	nan	nan	nan	nan	nan	nan
44	10000	iter	nan	nan	nan	nan	nan	nan	nan	nan	nan	nan	nan	nan	nan
44	12000	iter	nan	nan	nan	nan	nan	nan	nan	nan	nan	nan	nan	nan	nan
44	14000	iter	nan	nan	nan	nan	nan	nan	nan	nan	nan	nan	nan	nan	nan
44	16000	iter	nan	nan	nan	nan	nan	nan	nan	nan	nan	nan	nan	nan	nan
44	-	epoch	nan	nan	nan	nan	nan	nan	nan	nan	nan	nan	nan	nan	nan
45	2000	iter	nan	nan	nan	nan	nan	nan	nan	nan	nan	nan	nan	nan	nan
45	4000	iter	nan	nan	nan	nan	nan	nan	nan	nan	nan	nan	nan	nan	nan
45	6000	iter	nan	nan	nan	nan	nan	nan	nan	nan	nan	nan	nan	nan	nan
45	8000	iter	nan	nan	nan	nan	nan	nan	nan	nan	nan	nan	nan	nan	nan
45	10000	iter	nan	nan	nan	nan	nan	nan	nan	nan	nan	nan	nan	nan	nan
45	12000	iter	nan	nan	nan	nan	nan	nan	nan	nan	nan	nan	nan	nan	nan
0	0	init	33.8942	0.9500	31.2938	0.9187	27.8665	0.8471	37.1264	0.9789	26.9976	0.9295	31.7141	0.9379	-
40	2000	iter	33.8594	0.9491	31.2610	0.9175	27.8267	0.8465	37.1195	0.9786	26.4000	0.9302	31.5006	0.9377	0.01568
0	0	init	33.8942	0.9500	31.2938	0.9187	27.8665	0.8471	37.1264	0.9789	26.9976	0.9295	31.7141	0.9379	-
40	2000	iter	33.8548	0.9493	31.2465	0.9175	27.7941	0.8450	37.0857	0.9788	26.1222	0.9304	31.3910	0.9377	0.01612
40	4000	iter	33.8851	0.9498	31.2884	0.9186	27.8308	0.8462	37.1726	0.9791	26.0066	0.9345	31.3936	0.9395	0.01959
40	6000	iter	33.8945	0.9499	31.2917	0.9182	27.8558	0.8464	37.1603	0.9788	24.6810	0.9206	30.9518	0.9348	0.01292
40	8000	iter	33.8722	0.9493	31.2668	0.9175	27.8318	0.8461	37.1225	0.9791	25.1280	0.9287	31.0803	0.9374	0.02165
40	10000	iter	33.9105	0.9502	31.3014	0.9187	27.8550	0.8479	37.1859	0.9790	26.5354	0.9372	31.5812	0.9406	0.01728
40	12000	iter	33.8668	0.9492	31.2457	0.9171	27.7737	0.8434	37.1114	0.9786	25.0014	0.9255	31.0250	0.9358	0.01809
40	14000	iter	33.8867	0.9493	31.2752	0.9173	27.7950	0.8416	37.0202	0.9776	24.2045	0.9194	30.7368	0.9332	0.01966
40	16000	iter	33.9007	0.9498	31.2912	0.9182	27.8320	0.8476	37.1436	0.9791	23.9112	0.9202	30.6876	0.9348	0.01881
40	-	epoch	33.8975	0.9499	31.2888	0.9185	27.8424	0.8472	36.9434	0.9774	26.0796	0.9327	31.3442	0.9384	nan
41	2000	iter	33.8388	0.9494	31.2382	0.9180	27.8061	0.8470	36.8328	0.9772	24.2713	0.9206	30.6884	0.9342	0.02098
41	4000	iter	33.9084	0.9499	31.3026	0.9182	27.8706	0.8471	37.1821	0.9791	25.5802	0.9182	31.2632	0.9341	0.01718
41	6000	iter	33.8871	0.9493	31.2676	0.9170	27.8143	0.8442	37.0937	0.9785	25.1432	0.8861	31.0755	0.9227	0.01765
41	8000	iter	33.8706	0.9492	31.2518	0.9170	27.8101	0.8444	37.0025	0.9783	25.8280	0.9236	31.2693	0.9352	0.02200
41	10000	iter	33.8799	0.9494	31.2640	0.9170	27.8416	0.8451	36.5297	0.9727	26.7058	0.9326	31.4102	0.9364	0.01928
41	12000	iter	33.8403	0.9488	31.2572	0.9165	27.8310	0.8443	36.8153	0.9779	24.8698	0.9259	30.8871	0.9357	0.02228
41	14000	iter	33.9008	0.9497	31.2920	0.9179	27.8560	0.8467	37.0295	0.9788	26.1677	0.9286	31.4045	0.9374	0.02104
41	16000	iter	33.8219	0.9480	31.2169	0.9150	27.5195	0.8244	37.1442	0.9792	26.5971	0.9232	31.5313	0.9327	0.01593
41	-	epoch	33.8593	0.9493	31.2558	0.9171	27.8089	0.8445	36.4834	0.9756	26.3841	0.9173	31.2807	0.9322	0.01893
42	2000	iter	33.9052	0.9499	31.2903	0.9177	27.8562	0.8455	37.0666	0.9788	26.4676	0.9240	31.5172	0.9357	0.01481
42	4000	iter	33.8706	0.9492	31.2567	0.9170	27.8082	0.8445	37.0376	0.9783	25.4200	0.9334	31.1454	0.9384	0.01386
42	6000	iter	33.6679	0.9459	31.0076	0.9116	27.3877	0.8306	36.8855	0.9779	24.5086	0.9218	30.6939	0.9319	0.01969
42	8000	iter	33.5623	0.9428	30.9115	0.9068	27.2702	0.8246	35.4108	0.9691	25.5362	0.9207	30.5095	0.9271	0.02384
42	10000	iter	32.9627	0.9324	30.2430	0.8897	27.6807	0.8372	34.5001	0.9619	26.0685	0.9091	30.2880	0.9191	0.01995
42	12000	iter	33.7837	0.9474	31.1760	0.9144	27.7899	0.8433	36.9014	0.9776	24.9052	0.9046	30.9077	0.9280	0.02092
42	14000	iter	33.8315	0.9482	31.2256	0.9159	27.8623	0.8470	37.1270	0.9792	25.8380	0.9333	31.3127	0.9387	0.01848
42	16000	iter	33.3641	0.9404	30.6648	0.9020	27.6814	0.8341	36.2474	0.9751	25.8131	0.9219	30.8769	0.9297	0.02078
42	-	epoch	33.8495	0.9484	31.2489	0.9163	27.8626	0.8457	37.1368	0.9787	26.0231	0.9303	31.3823	0.9375	0.01890
43	2000	iter	33.9092	0.9498	31.2978	0.9181	27.8892	0.8486	37.3030	0.9795	26.7184	0.9220	31.6845	0.9357	0.01822
43	4000	iter	33.9050	0.9496	31.2897	0.9177	27.8626	0.8477	37.0468	0.9783	25.3351	0.9269	31.1337	0.9367	0.01869
43	6000	iter	33.8420	0.9486	31.2328	0.9167	27.8565	0.8469	37.0464	0.9788	26.1639	0.9311	31.3958	0.9380	0.01677
43	8000	iter	33.9127	0.9487	31.2951	0.9169	27.8874	0.8474	37.2363	0.9795	26.3941	0.8938	31.5540	0.9259	0.01892
43	10000	iter	33.8929	0.9489	31.2757	0.9169	27.8571	0.8472	37.1637	0.9785	26.3321	0.9334	31.5015	0.9387	0.01815
43	12000	iter	33.7838	0.9476	31.1841	0.9155	27.8711	0.8470	37.1985	0.9785	25.6391	0.9275	31.2613	0.9365	0.01708
43	14000	iter	33.8749	0.9495	31.2309	0.9163	27.8734	0.8480	37.0455	0.9787	25.6226	0.9352	31.2204	0.9395	0.01875
43	16000	iter	33.9157	0.9496	31.2554	0.9165	27.8755	0.8452	37.0301	0.9787	24.0904	0.9221	30.7120	0.9349	0.01678
43	-	epoch	33.6898	0.9466	30.9813	0.9109	27.8386	0.8464	36.8224	0.9779	24.3083	0.9269	30.6557	0.9354	nan
44	2000	iter	33.8379	0.9488	31.1732	0.9155	27.8207	0.8451	37.1105	0.9788	25.6989	0.9371	31.2511	0.9397	0.01633
44	4000	iter	33.8794	0.9497	31.2742	0.9176	27.8820	0.8475	36.7276	0.9788	27.0983	0.9316	31.6126	0.9384	0.02051
44	6000	iter	33.8484	0.9488	31.2389	0.9166	27.8370	0.8445	37.2128	0.9791	26.1613	0.9346	31.4496	0.9390	0.01743
44	8000	iter	33.8662	0.9495	31.2524	0.9173	27.8381	0.8467	37.2036	0.9790	25.4174	0.9243	31.2022	0.9359	0.01590
44	10000	iter	33.7215	0.9477	31.1128	0.9141	27.6668	0.8380	36.7889	0.9778	25.9838	0.9182	31.2021	0.9320	0.01719
44	12000	iter	33.7202	0.9477	31.1117	0.9141	27.6714	0.8381	36.7875	0.9778	25.9841	0.9182	31.2020	0.9320	0.01652
44	14000	iter	33.7194	0.9477	31.1123	0.9141	27.6657	0.8380	36.7875	0.9778	25.9841	0.9182	31.2014	0.9320	0.02025
44	16000	iter	33.7165	0.9477	31.1129	0.9141	27.6678	0.8381	36.7875	0.9778	25.9841	0.9182	31.2013	0.9320	0.01672
44	-	epoch	33.7195	0.9477	31.1124	0.9142	27.6665	0.8382	36.7875	0.9778	25.9841	0.9182	31.2015	0.9320	nan
45	2000	iter	33.7204	0.9477	31.1127	0.9141	27.6677	0.8381	36.7875	0.9778	25.9841	0.9182	31.2017	0.9320	0.01586
45	4000	iter	33.7189	0.9477	31.1108	0.9141	27.6676	0.8381	36.7875	0.9778	25.9841	0.9182	31.2013	0.9320	0.01902
45	6000	iter	33.7183	0.9477	31.1099	0.9140	27.6669	0.8381	36.7875	0.9778	25.9841	0.9182	31.2011	0.9320	0.01667
45	8000	iter	33.7205	0.9477	31.1091	0.9140	27.6673	0.8380	36.7875	0.9778	25.9841	0.9182	31.2013	0.9320	0.02080
45	10000	iter	33.7187	0.9477	31.1111	0.9141	27.6658	0.8379	36.7875	0.9778	25.9841	0.9182	31.2012	0.9320	0.01864
45	12000	iter	33.7193	0.9477	31.1146	0.9141	27.6742	0.8383	36.7875	0.9778	25.9841	0.9182	31.2025	0.9320	0.02103
45	14000	iter	33.7201	0.9477	31.1114	0.9141	27.6655	0.8382	36.7875	0.9778	25.9841	0.9182	31.2013	0.9320	0.01793
45	16000	iter	nan	nan	nan	nan	nan	nan	nan	nan	nan	nan	nan	nan	nan
45	-	epoch	nan	nan	nan	nan	nan	nan	nan	nan	nan	nan	nan	nan	nan
46	2000	iter	nan	nan	nan	nan	nan	nan	nan	nan	nan	nan	nan	nan	nan
46	4000	iter	nan	nan	nan	nan	nan	nan	nan	nan	nan	nan	nan	nan	nan
46	6000	iter	nan	nan	nan	nan	nan	nan	nan	nan	nan	nan	nan	nan	nan
46	8000	iter	nan	nan	nan	nan	nan	nan	nan	nan	nan	nan	nan	nan	nan
46	10000	iter	nan	nan	nan	nan	nan	nan	nan	nan	nan	nan	nan	nan	nan
46	12000	iter	nan	nan	nan	nan	nan	nan	nan	nan	nan	nan	nan	nan	nan
46	14000	iter	nan	nan	nan	nan	nan	nan	nan	nan	nan	nan	nan	nan	nan
46	16000	iter	nan	nan	nan	nan	nan	nan	nan	nan	nan	nan	nan	nan	nan
46	-	epoch	nan	nan	nan	nan	nan	nan	nan	nan	nan	nan	nan	nan	nan
47	2000	iter	nan	nan	nan	nan	nan	nan	nan	nan	nan	nan	nan	nan	nan
47	4000	iter	nan	nan	nan	nan	nan	nan	nan	nan	nan	nan	nan	nan	nan
47	6000	iter	nan	nan	nan	nan	nan	nan	nan	nan	nan	nan	nan	nan	nan
47	8000	iter	nan	nan	nan	nan	nan	nan	nan	nan	nan	nan	nan	nan	nan
47	10000	iter	nan	nan	nan	nan	nan	nan	nan	nan	nan	nan	nan	nan	nan
47	12000	iter	nan	nan	nan	nan	nan	nan	nan	nan	nan	nan	nan	nan	nan
47	14000	iter	nan	nan	nan	nan	nan	nan	nan	nan	nan	nan	nan	nan	nan
47	16000	iter	nan	nan	nan	nan	nan	nan	nan	nan	nan	nan	nan	nan	nan
47	-	epoch	nan	nan	nan	nan	nan	nan	nan	nan	nan	nan	nan	nan	nan
48	2000	iter	nan	nan	nan	nan	nan	nan	nan	nan	nan	nan	nan	nan	nan
48	4000	iter	nan	nan	nan	nan	nan	nan	nan	nan	nan	nan	nan	nan	nan
48	6000	iter	nan	nan	nan	nan	nan	nan	nan	nan	nan	nan	nan	nan	nan
48	8000	iter	nan	nan	nan	nan	nan	nan	nan	nan	nan	nan	nan	nan	nan
48	10000	iter	nan	nan	nan	nan	nan	nan	nan	nan	nan	nan	nan	nan	nan
48	12000	iter	nan	nan	nan	nan	nan	nan	nan	nan	nan	nan	nan	nan	nan
48	14000	iter	nan	nan	nan	nan	nan	nan	nan	nan	nan	nan	nan	nan	nan
48	16000	iter	nan	nan	nan	nan	nan	nan	nan	nan	nan	nan	nan	nan	nan
48	-	epoch	nan	nan	nan	nan	nan	nan	nan	nan	nan	nan	nan	nan	nan
49	2000	iter	nan	nan	nan	nan	nan	nan	nan	nan	nan	nan	nan	nan	nan
49	4000	iter	nan	nan	nan	nan	nan	nan	nan	nan	nan	nan	nan	nan	nan
49	6000	iter	nan	nan	nan	nan	nan	nan	nan	nan	nan	nan	nan	nan	nan
49	8000	iter	nan	nan	nan	nan	nan	nan	nan	nan	nan	nan	nan	nan	nan
49	10000	iter	nan	nan	nan	nan	nan	nan	nan	nan	nan	nan	nan	nan	nan
49	12000	iter	nan	nan	nan	nan	nan	nan	nan	nan	nan	nan	nan	nan	nan
49	14000	iter	nan	nan	nan	nan	nan	nan	nan	nan	nan	nan	nan	nan	nan
49	16000	iter	nan	nan	nan	nan	nan	nan	nan	nan	nan	nan	nan	nan	nan
49	-	epoch	nan	nan	nan	nan	nan	nan	nan	nan	nan	nan	nan	nan	nan
50	2000	iter	nan	nan	nan	nan	nan	nan	nan	nan	nan	nan	nan	nan	nan
50	4000	iter	nan	nan	nan	nan	nan	nan	nan	nan	nan	nan	nan	nan	nan
50	6000	iter	nan	nan	nan	nan	nan	nan	nan	nan	nan	nan	nan	nan	nan
50	8000	iter	nan	nan	nan	nan	nan	nan	nan	nan	nan	nan	nan	nan	nan
50	10000	iter	nan	nan	nan	nan	nan	nan	nan	nan	nan	nan	nan	nan	nan
50	12000	iter	nan	nan	nan	nan	nan	nan	nan	nan	nan	nan	nan	nan	nan
50	14000	iter	nan	nan	nan	nan	nan	nan	nan	nan	nan	nan	nan	nan	nan
50	16000	iter	nan	nan	nan	nan	nan	nan	nan	nan	nan	nan	nan	nan	nan
50	-	epoch	nan	nan	nan	nan	nan	nan	nan	nan	nan	nan	nan	nan	nan
51	2000	iter	nan	nan	nan	nan	nan	nan	nan	nan	nan	nan	nan	nan	nan
51	4000	iter	nan	nan	nan	nan	nan	nan	nan	nan	nan	nan	nan	nan	nan
51	6000	iter	nan	nan	nan	nan	nan	nan	nan	nan	nan	nan	nan	nan	nan
51	8000	iter	nan	nan	nan	nan	nan	nan	nan	nan	nan	nan	nan	nan	nan
51	10000	iter	nan	nan	nan	nan	nan	nan	nan	nan	nan	nan	nan	nan	nan
51	12000	iter	nan	nan	nan	nan	nan	nan	nan	nan	nan	nan	nan	nan	nan
51	14000	iter	nan	nan	nan	nan	nan	nan	nan	nan	nan	nan	nan	nan	nan
51	16000	iter	nan	nan	nan	nan	nan	nan	nan	nan	nan	nan	nan	nan	nan
51	-	epoch	nan	nan	nan	nan	nan	nan	nan	nan	nan	nan	nan	nan	nan
52	2000	iter	nan	nan	nan	nan	nan	nan	nan	nan	nan	nan	nan	nan	nan
52	4000	iter	nan	nan	nan	nan	nan	nan	nan	nan	nan	nan	nan	nan	nan
52	6000	iter	nan	nan	nan	nan	nan	nan	nan	nan	nan	nan	nan	nan	nan
52	8000	iter	nan	nan	nan	nan	nan	nan	nan	nan	nan	nan	nan	nan	nan
52	10000	iter	nan	nan	nan	nan	nan	nan	nan	nan	nan	nan	nan	nan	nan
52	12000	iter	nan	nan	nan	nan	nan	nan	nan	nan	nan	nan	nan	nan	nan
52	14000	iter	nan	nan	nan	nan	nan	nan	nan	nan	nan	nan	nan	nan	nan
52	16000	iter	nan	nan	nan	nan	nan	nan	nan	nan	nan	nan	nan	nan	nan
52	-	epoch	nan	nan	nan	nan	nan	nan	nan	nan	nan	nan	nan	nan	nan
53	2000	iter	nan	nan	nan	nan	nan	nan	nan	nan	nan	nan	nan	nan	nan
53	4000	iter	nan	nan	nan	nan	nan	nan	nan	nan	nan	nan	nan	nan	nan
53	6000	iter	nan	nan	nan	nan	nan	nan	nan	nan	nan	nan	nan	nan	nan
53	8000	iter	nan	nan	nan	nan	nan	nan	nan	nan	nan	nan	nan	nan	nan
53	10000	iter	nan	nan	nan	nan	nan	nan	nan	nan	nan	nan	nan	nan	nan
53	12000	iter	nan	nan	nan	nan	nan	nan	nan	nan	nan	nan	nan	nan	nan
53	14000	iter	nan	nan	nan	nan	nan	nan	nan	nan	nan	nan	nan	nan	nan
53	16000	iter	nan	nan	nan	nan	nan	nan	nan	nan	nan	nan	nan	nan	nan
53	-	epoch	nan	nan	nan	nan	nan	nan	nan	nan	nan	nan	nan	nan	nan
54	2000	iter	nan	nan	nan	nan	nan	nan	nan	nan	nan	nan	nan	nan	nan
54	4000	iter	nan	nan	nan	nan	nan	nan	nan	nan	nan	nan	nan	nan	nan
54	6000	iter	nan	nan	nan	nan	nan	nan	nan	nan	nan	nan	nan	nan	nan
54	8000	iter	nan	nan	nan	nan	nan	nan	nan	nan	nan	nan	nan	nan	nan
54	10000	iter	nan	nan	nan	nan	nan	nan	nan	nan	nan	nan	nan	nan	nan
54	12000	iter	nan	nan	nan	nan	nan	nan	nan	nan	nan	nan	nan	nan	nan
54	14000	iter	nan	nan	nan	nan	nan	nan	nan	nan	nan	nan	nan	nan	nan
54	16000	iter	nan	nan	nan	nan	nan	nan	nan	nan	nan	nan	nan	nan	nan
54	-	epoch	nan	nan	nan	nan	nan	nan	nan	nan	nan	nan	nan	nan	nan
55	2000	iter	nan	nan	nan	nan	nan	nan	nan	nan	nan	nan	nan	nan	nan
55	4000	iter	nan	nan	nan	nan	nan	nan	nan	nan	nan	nan	nan	nan	nan
55	6000	iter	nan	nan	nan	nan	nan	nan	nan	nan	nan	nan	nan	nan	nan
55	8000	iter	nan	nan	nan	nan	nan	nan	nan	nan	nan	nan	nan	nan	nan
55	10000	iter	nan	nan	nan	nan	nan	nan	nan	nan	nan	nan	nan	nan	nan
55	12000	iter	nan	nan	nan	nan	nan	nan	nan	nan	nan	nan	nan	nan	nan
55	14000	iter	nan	nan	nan	nan	nan	nan	nan	nan	nan	nan	nan	nan	nan
55	16000	iter	nan	nan	nan	nan	nan	nan	nan	nan	nan	nan	nan	nan	nan
55	-	epoch	nan	nan	nan	nan	nan	nan	nan	nan	nan	nan	nan	nan	nan
56	2000	iter	nan	nan	nan	nan	nan	nan	nan	nan	nan	nan	nan	nan	nan
56	4000	iter	nan	nan	nan	nan	nan	nan	nan	nan	nan	nan	nan	nan	nan
56	6000	iter	nan	nan	nan	nan	nan	nan	nan	nan	nan	nan	nan	nan	nan
56	8000	iter	nan	nan	nan	nan	nan	nan	nan	nan	nan	nan	nan	nan	nan
56	10000	iter	nan	nan	nan	nan	nan	nan	nan	nan	nan	nan	nan	nan	nan
56	12000	iter	nan	nan	nan	nan	nan	nan	nan	nan	nan	nan	nan	nan	nan
56	14000	iter	nan	nan	nan	nan	nan	nan	nan	nan	nan	nan	nan	nan	nan
56	16000	iter	nan	nan	nan	nan	nan	nan	nan	nan	nan	nan	nan	nan	nan
56	-	epoch	nan	nan	nan	nan	nan	nan	nan	nan	nan	nan	nan	nan	nan
57	2000	iter	nan	nan	nan	nan	nan	nan	nan	nan	nan	nan	nan	nan	nan
57	4000	iter	nan	nan	nan	nan	nan	nan	nan	nan	nan	nan	nan	nan	nan
57	6000	iter	nan	nan	nan	nan	nan	nan	nan	nan	nan	nan	nan	nan	nan
57	8000	iter	nan	nan	nan	nan	nan	nan	nan	nan	nan	nan	nan	nan	nan
57	10000	iter	nan	nan	nan	nan	nan	nan	nan	nan	nan	nan	nan	nan	nan
57	12000	iter	nan	nan	nan	nan	nan	nan	nan	nan	nan	nan	nan	nan	nan
57	14000	iter	nan	nan	nan	nan	nan	nan	nan	nan	nan	nan	nan	nan	nan
57	16000	iter	nan	nan	nan	nan	nan	nan	nan	nan	nan	nan	nan	nan	nan
57	-	epoch	nan	nan	nan	nan	nan	nan	nan	nan	nan	nan	nan	nan	nan
58	2000	iter	nan	nan	nan	nan	nan	nan	nan	nan	nan	nan	nan	nan	nan
58	4000	iter	nan	nan	nan	nan	nan	nan	nan	nan	nan	nan	nan	nan	nan
58	6000	iter	nan	nan	nan	nan	nan	nan	nan	nan	nan	nan	nan	nan	nan
58	8000	iter	nan	nan	nan	nan	nan	nan	nan	nan	nan	nan	nan	nan	nan
58	10000	iter	nan	nan	nan	nan	nan	nan	nan	nan	nan	nan	nan	nan	nan
58	12000	iter	nan	nan	nan	nan	nan	nan	nan	nan	nan	nan	nan	nan	nan
58	14000	iter	nan	nan	nan	nan	nan	nan	nan	nan	nan	nan	nan	nan	nan
58	16000	iter	nan	nan	nan	nan	nan	nan	nan	nan	nan	nan	nan	nan	nan
58	-	epoch	nan	nan	nan	nan	nan	nan	nan	nan	nan	nan	nan	nan	nan
59	2000	iter	nan	nan	nan	nan	nan	nan	nan	nan	nan	nan	nan	nan	nan
59	4000	iter	nan	nan	nan	nan	nan	nan	nan	nan	nan	nan	nan	nan	nan
59	6000	iter	nan	nan	nan	nan	nan	nan	nan	nan	nan	nan	nan	nan	nan
59	8000	iter	nan	nan	nan	nan	nan	nan	nan	nan	nan	nan	nan	nan	nan
59	10000	iter	nan	nan	nan	nan	nan	nan	nan	nan	nan	nan	nan	nan	nan
59	12000	iter	nan	nan	nan	nan	nan	nan	nan	nan	nan	nan	nan	nan	nan
59	14000	iter	nan	nan	nan	nan	nan	nan	nan	nan	nan	nan	nan	nan	nan
59	16000	iter	nan	nan	nan	nan	nan	nan	nan	nan	nan	nan	nan	nan	nan
59	-	epoch	nan	nan	nan	nan	nan	nan	nan	nan	nan	nan	nan	nan	nan
60	2000	iter	nan	nan	nan	nan	nan	nan	nan	nan	nan	nan	nan	nan	nan
60	4000	iter	nan	nan	nan	nan	nan	nan	nan	nan	nan	nan	nan	nan	nan
60	6000	iter	nan	nan	nan	nan	nan	nan	nan	nan	nan	nan	nan	nan	nan
60	8000	iter	nan	nan	nan	nan	nan	nan	nan	nan	nan	nan	nan	nan	nan
60	10000	iter	nan	nan	nan	nan	nan	nan	nan	nan	nan	nan	nan	nan	nan
60	12000	iter	nan	nan	nan	nan	nan	nan	nan	nan	nan	nan	nan	nan	nan
60	14000	iter	nan	nan	nan	nan	nan	nan	nan	nan	nan	nan	nan	nan	nan
60	16000	iter	nan	nan	nan	nan	nan	nan	nan	nan	nan	nan	nan	nan	nan
60	-	epoch	nan	nan	nan	nan	nan	nan	nan	nan	nan	nan	nan	nan	nan
61	2000	iter	nan	nan	nan	nan	nan	nan	nan	nan	nan	nan	nan	nan	nan
61	4000	iter	nan	nan	nan	nan	nan	nan	nan	nan	nan	nan	nan	nan	nan
61	6000	iter	nan	nan	nan	nan	nan	nan	nan	nan	nan	nan	nan	nan	nan
61	8000	iter	nan	nan	nan	nan	nan	nan	nan	nan	nan	nan	nan	nan	nan
61	10000	iter	nan	nan	nan	nan	nan	nan	nan	nan	nan	nan	nan	nan	nan
61	12000	iter	nan	nan	nan	nan	nan	nan	nan	nan	nan	nan	nan	nan	nan
61	14000	iter	nan	nan	nan	nan	nan	nan	nan	nan	nan	nan	nan	nan	nan
61	16000	iter	nan	nan	nan	nan	nan	nan	nan	nan	nan	nan	nan	nan	nan
61	-	epoch	nan	nan	nan	nan	nan	nan	nan	nan	nan	nan	nan	nan	nan
62	2000	iter	nan	nan	nan	nan	nan	nan	nan	nan	nan	nan	nan	nan	nan
62	4000	iter	nan	nan	nan	nan	nan	nan	nan	nan	nan	nan	nan	nan	nan
62	6000	iter	nan	nan	nan	nan	nan	nan	nan	nan	nan	nan	nan	nan	nan
62	8000	iter	nan	nan	nan	nan	nan	nan	nan	nan	nan	nan	nan	nan	nan
62	10000	iter	nan	nan	nan	nan	nan	nan	nan	nan	nan	nan	nan	nan	nan
62	12000	iter	nan	nan	nan	nan	nan	nan	nan	nan	nan	nan	nan	nan	nan
62	14000	iter	nan	nan	nan	nan	nan	nan	nan	nan	nan	nan	nan	nan	nan
62	16000	iter	nan	nan	nan	nan	nan	nan	nan	nan	nan	nan	nan	nan	nan
62	-	epoch	nan	nan	nan	nan	nan	nan	nan	nan	nan	nan	nan	nan	nan
63	2000	iter	nan	nan	nan	nan	nan	nan	nan	nan	nan	nan	nan	nan	nan
63	4000	iter	nan	nan	nan	nan	nan	nan	nan	nan	nan	nan	nan	nan	nan
63	6000	iter	nan	nan	nan	nan	nan	nan	nan	nan	nan	nan	nan	nan	nan
63	8000	iter	nan	nan	nan	nan	nan	nan	nan	nan	nan	nan	nan	nan	nan
63	10000	iter	nan	nan	nan	nan	nan	nan	nan	nan	nan	nan	nan	nan	nan
63	12000	iter	nan	nan	nan	nan	nan	nan	nan	nan	nan	nan	nan	nan	nan
63	14000	iter	nan	nan	nan	nan	nan	nan	nan	nan	nan	nan	nan	nan	nan
63	16000	iter	nan	nan	nan	nan	nan	nan	nan	nan	nan	nan	nan	nan	nan
63	-	epoch	nan	nan	nan	nan	nan	nan	nan	nan	nan	nan	nan	nan	nan
64	2000	iter	nan	nan	nan	nan	nan	nan	nan	nan	nan	nan	nan	nan	nan
64	4000	iter	nan	nan	nan	nan	nan	nan	nan	nan	nan	nan	nan	nan	nan
64	6000	iter	nan	nan	nan	nan	nan	nan	nan	nan	nan	nan	nan	nan	nan
64	8000	iter	nan	nan	nan	nan	nan	nan	nan	nan	nan	nan	nan	nan	nan
64	10000	iter	nan	nan	nan	nan	nan	nan	nan	nan	nan	nan	nan	nan	nan
0	0	init	33.8942	0.9500	31.2938	0.9187	27.8665	0.8471	37.1264	0.9789	26.9976	0.9295	31.7141	0.9379	-
40	2000	iter	33.8573	0.9489	31.2475	0.9168	27.7877	0.8432	37.0616	0.9782	26.0644	0.9290	31.3634	0.9367	0.01520
40	4000	iter	33.8866	0.9490	31.2825	0.9169	27.8414	0.8450	37.2022	0.9793	26.6593	0.9374	31.6217	0.9401	0.02169
40	6000	iter	33.8949	0.9495	31.2873	0.9178	27.8497	0.8460	37.2617	0.9794	24.0238	0.9168	30.7654	0.9335	0.01727
40	8000	iter	33.8365	0.9486	31.2316	0.9160	27.7800	0.8424	37.1053	0.9785	24.9194	0.9015	30.9914	0.9275	0.02217
40	10000	iter	33.8659	0.9491	31.2622	0.9178	27.7138	0.8414	37.0611	0.9787	26.2721	0.9246	31.4268	0.9353	0.01830
40	12000	iter	33.6031	0.9439	30.9845	0.9079	27.1044	0.8085	36.8712	0.9783	26.0241	0.9321	31.1531	0.9324	0.01861
40	14000	iter	33.8544	0.9491	31.2590	0.9174	27.8004	0.8445	37.1572	0.9786	24.0352	0.9176	30.7212	0.9333	0.01759
40	16000	iter	33.8876	0.9496	31.2908	0.9182	27.8274	0.8468	37.0100	0.9779	24.8294	0.9272	30.9471	0.9367	0.01864
40	-	epoch	33.8970	0.9496	31.2825	0.9177	27.8585	0.8460	37.0628	0.9782	26.5580	0.9312	31.5445	0.9379	0.01895
41	2000	iter	33.8956	0.9496	31.2792	0.9178	27.7981	0.8446	37.0973	0.9788	23.2094	0.9093	30.4325	0.9307	0.02051
41	6000	iter	33.8683	0.9495	31.2764	0.9178	27.8468	0.8467	36.5288	0.9766	25.5939	0.9022	31.0399	0.9278	0.01663
41	8000	iter	33.8700	0.9493	31.2752	0.9176	27.8403	0.8458	36.7375	0.9771	24.1692	0.9151	30.6340	0.9321	0.02407
41	10000	iter	33.8787	0.9495	31.2775	0.9181	27.8438	0.8464	37.0790	0.9783	25.4913	0.9283	31.1901	0.9371	0.01933
41	12000	iter	33.8809	0.9494	31.2803	0.9178	27.8498	0.8461	36.7309	0.9778	24.7020	0.9262	30.8122	0.9361	0.02187
41	14000	iter	33.8950	0.9496	31.2882	0.9180	27.8572	0.8478	37.1640	0.9792	25.9113	0.9325	31.3629	0.9389	0.02222
41	16000	iter	33.8975	0.9499	31.2992	0.9187	27.8740	0.8488	37.1790	0.9792	26.4206	0.9284	31.5411	0.9378	0.01800
41	-	epoch	33.8763	0.9495	31.2775	0.9179	27.8444	0.8468	37.0541	0.9781	26.0926	0.9075	31.3820	0.9301	0.01891
42	2000	iter	33.8751	0.9491	31.2497	0.9174	27.7736	0.8456	37.0193	0.9783	25.3659	0.9276	31.1171	0.9367	0.01556
42	4000	iter	33.8917	0.9495	31.2911	0.9178	27.8377	0.8454	36.8986	0.9784	26.2722	0.9373	31.3925	0.9400	0.02126
42	6000	iter	33.8601	0.9491	31.2499	0.9174	27.8254	0.8458	37.0788	0.9786	25.8774	0.9334	31.3116	0.9387	0.01842
42	8000	iter	33.8891	0.9495	31.2912	0.9179	27.8340	0.8456	37.2011	0.9791	25.3221	0.9302	31.1760	0.9379	0.01888
42	10000	iter	33.8791	0.9495	31.2787	0.9181	27.8484	0.8469	37.0197	0.9784	25.6830	0.9204	31.2349	0.9346	0.01845
42	12000	iter	33.8823	0.9491	31.2439	0.9167	27.7323	0.8430	37.1276	0.9789	24.5337	0.9212	30.8714	0.9343	0.02395
42	14000	iter	33.9050	0.9498	31.2866	0.9177	27.8594	0.8465	37.1900	0.9793	24.2199	0.9218	30.8090	0.9352	0.02086
42	16000	iter	33.9138	0.9498	31.2997	0.9182	27.8459	0.8465	37.2708	0.9795	23.9637	0.9226	30.7514	0.9356	0.01676
42	-	epoch	33.9072	0.9500	31.2956	0.9183	27.8667	0.8475	37.1468	0.9786	25.1436	0.9324	31.1045	0.9388	0.01901
43	2000	iter	33.8928	0.9495	31.2659	0.9172	27.8494	0.8468	37.0495	0.9788	26.3767	0.9226	31.4763	0.9353	0.02852
43	4000	iter	33.8868	0.9497	31.2674	0.9178	27.8354	0.8466	36.9813	0.9784	23.2255	0.9105	30.4011	0.9312	0.01754
43	8000	iter	33.8863	0.9496	31.2784	0.9177	27.8291	0.8453	37.0365	0.9787	26.3546	0.9190	31.4630	0.9340	0.02048
43	10000	iter	33.8954	0.9495	31.2867	0.9179	27.8422	0.8456	37.0665	0.9790	24.1203	0.9137	30.7316	0.9324	0.01934
43	12000	iter	33.8522	0.9487	31.2448	0.9165	27.7860	0.8439	36.8965	0.9764	24.7425	0.9245	30.8667	0.9347	0.02157
43	14000	iter	33.8668	0.9494	31.2610	0.9172	27.8109	0.8437	36.9994	0.9784	23.6614	0.9153	30.5468	0.9324	0.01916
43	16000	iter	33.8628	0.9496	31.3044	0.9186	27.8537	0.8469	36.9918	0.9785	24.3440	0.9209	30.7809	0.9348	0.01719
43	-	epoch	33.8308	0.9490	31.2617	0.9178	27.8038	0.8467	37.1128	0.9789	23.7055	0.9222	30.5946	0.9352	0.01880
44	2000	iter	33.8693	0.9494	31.2854	0.9179	27.8408	0.8459	37.1690	0.9786	26.0596	0.9364	31.4090	0.9398	0.01909
44	4000	iter	33.8619	0.9490	31.2635	0.9168	27.8048	0.8432	36.7926	0.9778	25.9096	0.9212	31.2263	0.9340	0.02473
44	6000	iter	33.7869	0.9488	31.2208	0.9176	27.7840	0.8464	37.1113	0.9788	24.0177	0.9175	30.6865	0.9335	0.02395
44	8000	iter	33.9059	0.9498	31.2970	0.9181	27.8552	0.8470	37.0119	0.9783	26.3134	0.9257	31.4482	0.9363	0.01952
44	10000	iter	33.8961	0.9498	31.2706	0.9176	27.8275	0.8447	37.2456	0.9792	25.7787	0.9251	31.3408	0.9361	0.02075
44	12000	iter	33.8491	0.9492	31.2445	0.9175	27.8034	0.8437	36.7738	0.9782	24.8259	0.9282	30.8551	0.9366	0.02204
44	14000	iter	33.8863	0.9491	31.2695	0.9171	27.8326	0.8436	37.2035	0.9791	25.1444	0.9295	31.1147	0.9373	0.01510
44	16000	iter	33.8587	0.9488	31.2964	0.9174	27.8690	0.8459	37.3100	0.9798	25.9676	0.9335	31.4286	0.9391	0.02299
44	-	epoch	33.8783	0.9497	31.2835	0.9185	27.8572	0.8478	37.2894	0.9793	25.8222	0.9348	31.3727	0.9398	0.01902
45	2000	iter	33.8546	0.9489	31.2776	0.9169	27.8297	0.8433	37.1300	0.9793	24.9839	0.9261	31.0337	0.9361	0.01646
45	4000	iter	33.9068	0.9499	31.3042	0.9182	27.8358	0.8466	37.1013	0.9790	26.0194	0.9361	31.3788	0.9400	0.01732
45	6000	iter	33.9048	0.9497	31.2925	0.9179	27.8622	0.8472	37.0265	0.9783	25.9368	0.9192	31.3277	0.9341	0.02328
45	8000	iter	33.8625	0.9498	31.2771	0.9181	27.8037	0.8471	36.8418	0.9779	25.7579	0.9224	31.1936	0.9351	0.01434
45	10000	iter	33.8875	0.9495	31.2682	0.9175	27.8488	0.8457	36.9938	0.9775	24.6172	0.9262	30.8708	0.9360	0.01809
45	12000	iter	33.7590	0.9469	31.1076	0.9115	27.4843	0.8286	37.1096	0.9791	25.6170	0.9245	31.1701	0.9331	0.01820
45	14000	iter	33.8607	0.9490	31.2548	0.9167	27.7726	0.8415	37.2949	0.9796	24.1228	0.9236	30.7935	0.9352	0.01825
45	16000	iter	33.9139	0.9498	31.3019	0.9177	27.8724	0.8462	37.2719	0.9793	26.1081	0.9311	31.4698	0.9383	0.01917
45	-	epoch	33.9064	0.9498	31.2877	0.9175	27.8477	0.8460	37.0111	0.9788	26.3276	0.9326	31.4509	0.9386	0.01894
46	2000	iter	33.8989	0.9501	31.2724	0.9178	27.8126	0.8427	37.2010	0.9788	25.2577	0.9242	31.1511	0.9355	0.01054
46	4000	iter	33.8838	0.9499	31.2690	0.9179	27.8172	0.8452	37.1290	0.9794	25.5699	0.9285	31.2296	0.9374	0.01793
46	6000	iter	33.9193	0.9500	31.2961	0.9181	27.8610	0.8467	37.1130	0.9790	26.1253	0.9327	31.4213	0.9389	0.02036
46	8000	iter	33.8953	0.9497	31.2958	0.9183	27.8635	0.8473	37.1838	0.9784	24.7509	0.9280	30.9843	0.9372	0.01765
46	10000	iter	33.8761	0.9488	31.2294	0.9160	27.7977	0.8437	37.1152	0.9789	26.8913	0.9397	31.6581	0.9405	0.03007
46	12000	iter	33.8645	0.9487	31.2651	0.9171	27.8252	0.8463	37.2340	0.9791	26.6580	0.9174	31.6256	0.9335	0.01569
46	14000	iter	33.8225	0.9477	31.2400	0.9160	27.7190	0.8361	37.0466	0.9784	25.1169	0.9298	31.0302	0.9360	0.01796
46	16000	iter	33.8833	0.9494	31.2620	0.9169	27.7737	0.8430	36.8453	0.9775	25.7499	0.9303	31.1894	0.9370	0.01790
46	-	epoch	33.8998	0.9497	31.2947	0.9182	27.8522	0.8466	36.8095	0.9776	26.3682	0.9200	31.3977	0.9342	0.01866
47	2000	iter	33.8838	0.9486	31.2688	0.9164	27.7864	0.8401	37.2355	0.9792	25.0552	0.9035	31.0901	0.9281	0.01626
47	4000	iter	33.8562	0.9487	31.2513	0.9167	27.8357	0.8445	37.0040	0.9781	26.0813	0.9286	31.3555	0.9367	0.01891
47	6000	iter	33.8848	0.9495	31.2781	0.9181	27.8314	0.8474	37.0204	0.9785	24.2075	0.9148	30.7420	0.9328	0.01440
47	8000	iter	33.8220	0.9482	31.2201	0.9158	27.7288	0.8404	37.1235	0.9787	26.7082	0.9288	31.5851	0.9364	0.01786
47	10000	iter	33.9026	0.9497	31.2840	0.9184	27.8564	0.8483	37.1613	0.9792	26.1910	0.9181	31.4555	0.9343	0.02182
47	12000	iter	33.8957	0.9495	31.2828	0.9176	27.8512	0.8463	37.2464	0.9793	24.8327	0.9198	31.0297	0.9345	0.01856
47	14000	iter	33.6496	0.9463	31.0817	0.9129	27.5973	0.8336	36.7140	0.9767	24.8586	0.9244	30.7829	0.9329	0.01928
47	16000	iter	33.7334	0.9471	31.1962	0.9156	27.7347	0.8414	36.5097	0.9753	24.8180	0.9222	30.7386	0.9330	0.02388
47	-	epoch	33.7549	0.9483	31.2122	0.9170	27.7641	0.8449	36.5226	0.9737	23.7698	0.9169	30.4009	0.9314	0.01906
48	2000	iter	33.8221	0.9491	31.2268	0.9169	27.7904	0.8442	37.0075	0.9782	24.8601	0.9142	30.9380	0.9319	0.02169
48	4000	iter	33.8341	0.9493	31.2317	0.9175	27.7661	0.8446	36.7544	0.9767	24.5716	0.9198	30.7567	0.9334	0.01849
48	6000	iter	33.8200	0.9491	31.2248	0.9167	27.7785	0.8439	36.6088	0.9773	25.3577	0.9278	30.9692	0.9361	0.02421
48	8000	iter	33.8665	0.9495	31.2471	0.9178	27.8235	0.8461	37.0125	0.9782	25.6125	0.9296	31.2014	0.9374	0.01950
48	10000	iter	33.8622	0.9495	31.2703	0.9179	27.8291	0.8473	37.1770	0.9791	25.9246	0.9155	31.3629	0.9332	0.01628
48	12000	iter	33.9025	0.9499	31.2989	0.9184	27.8533	0.8459	37.1192	0.9790	26.1631	0.9286	31.4335	0.9375	0.01966
48	14000	iter	33.8672	0.9497	31.2732	0.9183	27.8451	0.8463	36.9442	0.9775	25.1277	0.9233	31.0223	0.9352	0.02183
48	16000	iter	33.8959	0.9497	31.2983	0.9179	27.8724	0.8472	37.0772	0.9785	25.6411	0.9271	31.2468	0.9368	0.02310
48	-	epoch	33.9135	0.9501	31.3190	0.9192	27.8799	0.8486	37.0813	0.9788	25.3625	0.9290	31.1604	0.9379	0.01897
49	2000	iter	33.8974	0.9499	31.2858	0.9181	27.8395	0.8462	37.1309	0.9784	26.6323	0.9272	31.5903	0.9368	0.01841
49	4000	iter	33.8842	0.9494	31.2867	0.9177	27.8264	0.8459	37.2095	0.9790	25.7772	0.9263	31.3286	0.9365	0.01744
49	6000	iter	33.9018	0.9499	31.2886	0.9179	27.8536	0.8464	37.0952	0.9789	24.2902	0.9232	30.8000	0.9356	0.01899
0	0	init	32.7535	0.9280	31.0850	0.9137	26.4883	0.7903	36.8176	0.9762	26.7069	0.9307	31.2112	0.9281	-
0	0	init	32.7535	0.9280	31.0850	0.9137	26.4883	0.7903	36.8176	0.9762	26.7069	0.9307	31.2112	0.9281	-
40	2000	iter	33.8737	0.9493	31.2535	0.9178	27.8229	0.8481	36.9172	0.9778	23.7381	0.9021	30.5462	0.9284	0.02548
40	4000	iter	33.8767	0.9502	31.2719	0.9192	27.8304	0.8496	37.2108	0.9795	26.4313	0.9178	31.5450	0.9345	0.02508
40	6000	iter	33.8622	0.9479	31.2202	0.9152	27.7303	0.8430	36.9251	0.9771	26.0156	0.9258	31.2928	0.9350	0.02747
40	8000	iter	33.9057	0.9505	31.3058	0.9201	27.8676	0.8514	37.2641	0.9796	25.8349	0.9276	31.3751	0.9382	0.02775
40	10000	iter	33.8628	0.9507	31.2564	0.9201	27.7825	0.8515	37.2060	0.9793	25.9707	0.9383	31.3813	0.9417	0.02588
40	12000	iter	33.8752	0.9503	31.2807	0.9198	27.7749	0.8503	37.3083	0.9796	26.4302	0.9394	31.5718	0.9419	0.02586
40	14000	iter	33.9047	0.9507	31.3089	0.9203	27.8695	0.8513	37.2216	0.9796	25.6673	0.9359	31.3055	0.9410	0.02738
40	16000	iter	33.8788	0.9506	31.2894	0.9204	27.8234	0.8517	37.1747	0.9792	25.1549	0.9325	31.1089	0.9397	0.02169
40	-	epoch	33.8979	0.9506	31.2880	0.9201	27.7913	0.8507	37.2671	0.9799	25.7381	0.9282	31.3325	0.9384	0.02712
41	2000	iter	33.8872	0.9507	31.2838	0.9205	27.8323	0.8520	37.2577	0.9795	24.8108	0.9227	31.0232	0.9366	0.02473
41	4000	iter	33.8865	0.9507	31.2820	0.9199	27.8438	0.8510	37.1970	0.9792	26.3181	0.9410	31.5064	0.9425	0.02633
41	6000	iter	33.8782	0.9505	31.2827	0.9198	27.8276	0.8512	36.9803	0.9783	25.7025	0.9350	31.2263	0.9401	0.02456
41	8000	iter	33.8529	0.9502	31.2740	0.9196	27.8459	0.8513	37.2998	0.9798	26.4906	0.9378	31.5938	0.9415	0.02467
41	10000	iter	33.8820	0.9505	31.2890	0.9200	27.8504	0.8510	37.0364	0.9791	26.6626	0.9417	31.5687	0.9427	0.02325
41	12000	iter	33.8072	0.9498	31.2621	0.9195	27.8454	0.8512	37.0921	0.9768	25.2307	0.9339	31.0981	0.9391	0.03011
0	0	init	32.7535	0.9280	31.0850	0.9137	26.4883	0.7903	36.8176	0.9762	26.7069	0.9307	31.2112	0.9281	-
40	2000	iter	33.7771	0.9488	31.2631	0.9185	27.8116	0.8477	37.1232	0.9792	24.4619	0.9172	30.8452	0.9338	0.02959
40	4000	iter	33.8360	0.9495	31.2380	0.9185	27.7880	0.8494	37.2481	0.9794	26.0471	0.9167	31.4164	0.9340	0.03249
40	6000	iter	33.8661	0.9505	31.2491	0.9200	27.7748	0.8494	36.8064	0.9771	25.2776	0.9274	31.0158	0.9370	0.02837
40	8000	iter	33.8082	0.9488	31.2709	0.9196	27.8536	0.8502	37.2618	0.9797	26.2560	0.9341	31.4985	0.9400	0.03342
40	10000	iter	33.7703	0.9481	31.2614	0.9189	27.8064	0.8482	37.1542	0.9785	26.1623	0.9386	31.4208	0.9407	0.03439
40	12000	iter	33.7376	0.9484	31.2249	0.9193	27.7851	0.8490	37.1745	0.9795	26.0038	0.9328	31.3647	0.9393	0.03271
40	14000	iter	33.7496	0.9485	31.2234	0.9188	27.7257	0.8477	37.2037	0.9796	26.1353	0.9379	31.4128	0.9408	0.03443
40	16000	iter	33.8631	0.9501	31.2817	0.9192	27.8358	0.8490	37.1363	0.9791	25.6073	0.9333	31.2457	0.9395	0.02630
40	-	epoch	33.7979	0.9494	31.2691	0.9199	27.8284	0.8515	37.1755	0.9797	25.8081	0.9222	31.3163	0.9363	0.03185
41	2000	iter	33.7854	0.9481	31.2648	0.9193	27.7815	0.8495	37.2678	0.9791	25.6273	0.9298	31.2797	0.9382	0.03735
41	4000	iter	33.8739	0.9505	31.2841	0.9202	27.8599	0.8521	37.3404	0.9800	26.5044	0.9395	31.6169	0.9424	0.03317
41	6000	iter	33.8512	0.9505	31.2549	0.9202	27.7968	0.8516	36.7829	0.9782	23.4510	0.9210	30.4005	0.9356	0.03459
41	8000	iter	33.7644	0.9485	31.1554	0.9161	27.6345	0.8396	37.1835	0.9794	25.8744	0.9362	31.3031	0.9390	0.03276
41	10000	iter	33.8618	0.9492	31.2362	0.9167	27.7954	0.8466	37.2585	0.9798	26.5329	0.9372	31.5853	0.9404	0.02913
41	12000	iter	33.8633	0.9503	31.2766	0.9195	27.8524	0.8507	37.2841	0.9798	25.0510	0.9334	31.1108	0.9400	0.03794
41	14000	iter	33.8946	0.9508	31.3052	0.9207	27.8630	0.8530	37.2316	0.9798	26.3413	0.9372	31.5313	0.9417	0.03084
41	16000	iter	33.8586	0.9500	31.2738	0.9194	27.7882	0.8482	36.5706	0.9761	26.2697	0.9385	31.2713	0.9401	0.03031
41	-	epoch	33.7883	0.9485	31.2270	0.9178	27.7408	0.8443	36.8170	0.9778	23.5565	0.9232	30.4307	0.9348	0.03220
42	2000	iter	33.8760	0.9506	31.2909	0.9198	27.8674	0.8508	37.0970	0.9797	25.6178	0.9318	31.2420	0.9395	0.02839
42	4000	iter	33.8206	0.9501	31.2843	0.9202	27.8514	0.8514	37.2261	0.9795	25.1225	0.9318	31.1113	0.9395	0.02660
42	6000	iter	33.8468	0.9501	31.2874	0.9202	27.8480	0.8520	37.3755	0.9804	25.3190	0.9286	31.2295	0.9388	0.02499
42	8000	iter	33.8198	0.9502	31.2755	0.9199	27.8636	0.8512	37.2359	0.9793	23.6649	0.9228	30.6290	0.9364	0.03039
42	10000	iter	33.7925	0.9492	31.2702	0.9201	27.8010	0.8517	37.4151	0.9803	26.8268	0.9381	31.7321	0.9418	0.02785
42	12000	iter	33.7855	0.9480	31.2161	0.9162	27.7798	0.8465	37.4124	0.9805	25.6697	0.9357	31.3364	0.9399	0.02749
42	14000	iter	33.8485	0.9498	31.3050	0.9202	27.8713	0.8511	37.3065	0.9800	25.4139	0.9285	31.2429	0.9385	0.02662
42	16000	iter	33.8423	0.9497	31.3071	0.9203	27.8803	0.8516	37.1912	0.9791	26.2916	0.9367	31.4976	0.9410	0.02637
42	-	epoch	33.8908	0.9507	31.3077	0.9199	27.8861	0.8512	37.3728	0.9801	24.9056	0.9318	31.1022	0.9397	0.02905
43	2000	iter	33.8681	0.9501	31.2494	0.9186	27.7996	0.8469	37.3052	0.9800	25.6546	0.9353	31.3107	0.9402	0.02305
43	4000	iter	33.8679	0.9503	31.2670	0.9195	27.7976	0.8504	37.4651	0.9805	24.2517	0.9260	30.8981	0.9378	0.02508
43	6000	iter	33.8994	0.9506	31.2956	0.9201	27.8584	0.8493	37.4164	0.9805	25.6317	0.9306	31.3553	0.9392	0.02886
43	8000	iter	33.9062	0.9509	31.3222	0.9210	27.8997	0.8533	37.3936	0.9806	25.9115	0.9365	31.4492	0.9418	0.02890
43	10000	iter	33.8211	0.9495	31.2719	0.9189	27.8243	0.8488	37.2386	0.9803	25.9414	0.9389	31.3842	0.9417	0.02425
43	12000	iter	33.8991	0.9501	31.2984	0.9193	27.8527	0.8486	37.3192	0.9793	23.3949	0.9102	30.5769	0.9318	0.03089
43	14000	iter	33.8813	0.9506	31.2916	0.9204	27.8715	0.8524	37.4167	0.9804	24.5094	0.9279	30.9803	0.9387	0.02488
43	16000	iter	33.9171	0.9511	31.3198	0.9211	27.8842	0.8534	37.5121	0.9809	25.1910	0.9344	31.2478	0.9413	0.03234
43	-	epoch	33.9083	0.9505	31.3152	0.9200	27.8904	0.8522	37.5315	0.9809	25.7912	0.9321	31.4536	0.9402	0.02796
44	2000	iter	33.8114	0.9479	31.1409	0.9147	27.5058	0.8386	37.3842	0.9801	25.5087	0.9257	31.2374	0.9354	0.02766
44	4000	iter	33.9172	0.9508	31.3195	0.9204	27.9049	0.8526	37.5252	0.9810	26.2965	0.9299	31.6230	0.9396	0.02516
44	6000	iter	33.8949	0.9505	31.3067	0.9203	27.8816	0.8516	37.0686	0.9790	26.0399	0.9393	31.3787	0.9419	0.03359
44	8000	iter	33.9017	0.9504	31.3112	0.9202	27.8970	0.8538	37.3852	0.9804	26.2223	0.9421	31.5481	0.9436	0.02790
44	10000	iter	33.8790	0.9504	31.2944	0.9200	27.8523	0.8506	37.4993	0.9808	25.3720	0.9273	31.2933	0.9384	0.02523
44	12000	iter	33.8518	0.9507	31.2790	0.9206	27.8616	0.8523	37.2434	0.9795	26.5481	0.9383	31.5963	0.9419	0.02610
44	14000	iter	33.8821	0.9502	31.3011	0.9199	27.8936	0.8520	37.4987	0.9805	25.9796	0.9272	31.5013	0.9384	0.02729
44	-	epoch	33.8050	0.9492	31.2245	0.9189	27.7583	0.8491	37.3275	0.9796	27.1490	0.9447	31.8019	0.9433	0.02860
45	4000	iter	33.8901	0.9505	31.3068	0.9202	27.8782	0.8523	37.5073	0.9808	26.8704	0.9415	31.8009	0.9434	0.03055
45	6000	iter	33.9027	0.9506	31.3057	0.9201	27.8919	0.8518	37.6054	0.9809	26.1093	0.9349	31.5827	0.9411	0.03004
45	10000	iter	33.8113	0.9502	31.2437	0.9196	27.8305	0.8502	36.0245	0.9749	25.6636	0.9343	30.8833	0.9386	0.03273
45	12000	iter	33.8849	0.9505	31.3055	0.9198	27.8896	0.8514	37.3676	0.9804	26.6440	0.9347	31.6794	0.9408	0.02108
45	16000	iter	33.8753	0.9494	31.3006	0.9190	27.8779	0.8501	37.4267	0.9806	24.6851	0.9275	31.0432	0.9381	0.03250
45	-	epoch	33.8625	0.9505	31.2697	0.9201	27.8696	0.8516	34.1220	0.9613	26.5956	0.9394	30.5727	0.9360	0.02881
46	2000	iter	33.8957	0.9506	31.3224	0.9207	27.9007	0.8534	37.2661	0.9790	23.9025	0.9217	30.7361	0.9363	0.03092
46	4000	iter	33.8782	0.9501	31.2905	0.9192	27.8607	0.8498	37.4055	0.9801	23.9323	0.9216	30.7825	0.9360	0.02870
46	6000	iter	33.8947	0.9501	31.3051	0.9196	27.8891	0.8505	37.2409	0.9780	25.3676	0.9362	31.2127	0.9403	0.02826
46	8000	iter	33.7715	0.9485	31.2092	0.9186	27.7691	0.8510	37.4058	0.9804	25.3679	0.9348	31.2301	0.9404	0.02954
46	10000	iter	33.8885	0.9500	31.3130	0.9197	27.9006	0.8511	37.4245	0.9807	24.8644	0.9276	31.1077	0.9384	0.02758
46	12000	iter	33.8947	0.9505	31.3046	0.9202	27.8926	0.8526	37.6814	0.9811	24.7431	0.9158	31.1517	0.9349	0.03152
46	14000	iter	33.8740	0.9500	31.2876	0.9193	27.8828	0.8508	37.5641	0.9812	24.6816	0.9291	31.0868	0.9390	0.02422
46	16000	iter	33.8996	0.9502	31.3204	0.9201	27.9035	0.8514	37.2503	0.9787	24.8439	0.9208	31.0451	0.9356	0.02499
46	-	epoch	33.9039	0.9502	31.3119	0.9200	27.8976	0.8521	37.5272	0.9804	24.8128	0.9195	31.1259	0.9358	0.02794
47	2000	iter	33.8906	0.9501	31.2927	0.9192	27.9149	0.8525	37.5618	0.9811	26.4831	0.9310	31.6925	0.9398	0.03508
47	6000	iter	33.8684	0.9488	31.2871	0.9178	27.8746	0.8500	37.4810	0.9804	24.4172	0.9285	30.9694	0.9381	0.02685
47	10000	iter	33.9077	0.9497	31.3075	0.9184	27.9086	0.8516	37.6481	0.9812	25.3754	0.9367	31.3549	0.9415	0.03026
47	12000	iter	33.8820	0.9504	31.2970	0.9198	27.8914	0.8507	37.3362	0.9808	25.6260	0.9347	31.3286	0.9408	0.02935
47	14000	iter	33.9094	0.9505	31.3111	0.9203	27.9109	0.8532	37.6013	0.9808	24.5121	0.9273	31.0524	0.9387	0.03698
47	16000	iter	33.8818	0.9500	31.3092	0.9201	27.9079	0.8525	37.4577	0.9810	24.9585	0.9339	31.1497	0.9408	0.01970
47	-	epoch	33.8986	0.9503	31.3231	0.9204	27.8848	0.8525	37.4807	0.9803	25.6050	0.9255	31.3737	0.9378	0.02973
48	2000	iter	33.8568	0.9500	31.2631	0.9193	27.8541	0.8515	37.4219	0.9804	26.2765	0.9427	31.5632	0.9433	0.06563
48	4000	iter	33.9075	0.9500	31.2971	0.9185	27.8578	0.8475	37.1599	0.9797	25.8573	0.9377	31.3460	0.9409	0.06383
48	8000	iter	33.8881	0.9506	31.3076	0.9205	27.8866	0.8515	37.5300	0.9811	26.5732	0.9455	31.7102	0.9447	0.00941
48	12000	iter	33.8215	0.9492	31.2366	0.9184	27.8408	0.8499	37.3923	0.9802	26.1222	0.9419	31.4936	0.9427	0.02755
48	14000	iter	33.8418	0.9501	31.2624	0.9195	27.8727	0.8518	37.4693	0.9805	26.3053	0.9344	31.5890	0.9407	0.02867
48	16000	iter	33.8435	0.9499	31.2477	0.9192	27.8097	0.8489	37.1578	0.9784	25.3557	0.9315	31.1602	0.9386	0.03091
48	-	epoch	33.8679	0.9497	31.2715	0.9184	27.8173	0.8453	37.4822	0.9806	26.9914	0.9400	31.8197	0.9417	0.02866
49	2000	iter	33.8246	0.9497	31.2287	0.9188	27.7829	0.8481	37.5480	0.9808	25.5992	0.9287	31.3642	0.9383	0.03867
49	4000	iter	33.8926	0.9506	31.2948	0.9203	27.8768	0.8516	37.5592	0.9810	26.4478	0.9383	31.6761	0.9423	0.02842
49	6000	iter	33.9050	0.9507	31.3181	0.9206	27.8901	0.8523	37.5398	0.9810	25.3585	0.9306	31.3120	0.9398	0.02244
49	10000	iter	33.8914	0.9500	31.2965	0.9192	27.8592	0.8484	37.5747	0.9808	25.9926	0.9398	31.5277	0.9422	0.02242
49	12000	iter	33.8562	0.9492	31.2502	0.9168	27.8075	0.8425	37.3388	0.9803	26.1563	0.9350	31.4888	0.9394	0.01799
49	14000	iter	33.8359	0.9496	31.2353	0.9187	27.7669	0.8477	37.4180	0.9802	24.9338	0.9322	31.0993	0.9393	0.02592
49	16000	iter	33.9060	0.9508	31.3151	0.9207	27.9033	0.8530	37.5535	0.9811	26.4009	0.9385	31.6653	0.9426	0.02276
49	-	epoch	33.8895	0.9505	31.3016	0.9203	27.8682	0.8507	37.5264	0.9808	23.9806	0.9169	30.8423	0.9349	0.02740
50	2000	iter	33.8490	0.9499	31.2677	0.9193	27.8183	0.8466	37.5077	0.9808	26.4454	0.9380	31.6438	0.9414	0.02821
0	0	init	33.8697	0.9496	31.2708	0.9184	27.8240	0.8455	37.4822	0.9806	26.9914	0.9400	31.8206	0.9417	-
0	0	init	33.8697	0.9496	31.2708	0.9184	27.8240	0.8455	37.4822	0.9806	26.9914	0.9400	31.8206	0.9417	-
49	2000	iter	33.8402	0.9502	31.2637	0.9197	27.8440	0.8514	37.2794	0.9795	23.7266	0.9291	30.6629	0.9386	0.04096
49	4000	iter	33.8231	0.9494	31.2368	0.9182	27.7795	0.8489	37.1919	0.9793	24.0787	0.9262	30.7390	0.9370	0.04128
49	6000	iter	33.8127	0.9496	31.2273	0.9187	27.8012	0.8487	37.1017	0.9793	23.5592	0.9209	30.5360	0.9353	0.03621
49	8000	iter	33.8265	0.9500	31.2490	0.9197	27.8177	0.8504	37.1656	0.9787	24.2309	0.9267	30.7869	0.9373	0.03990
49	10000	iter	33.8193	0.9502	31.2421	0.9199	27.7944	0.8516	37.0808	0.9788	23.2032	0.9126	30.4120	0.9329	0.03670
49	12000	iter	33.8094	0.9495	31.2420	0.9184	27.8325	0.8482	36.9216	0.9789	23.4223	0.9163	30.4351	0.9335	0.03559
49	14000	iter	33.8298	0.9501	31.2530	0.9196	27.8251	0.8496	37.1914	0.9791	23.8182	0.9203	30.6596	0.9353	0.03846
49	16000	iter	33.8355	0.9501	31.2629	0.9200	27.8436	0.8512	37.1264	0.9785	23.8053	0.9225	30.6374	0.9360	0.03299
49	18000	iter	33.8416	0.9503	31.2548	0.9201	27.8335	0.8522	36.9940	0.9787	23.6667	0.9178	30.5458	0.9347	0.03123
0	0	init	33.8697	0.9496	31.2708	0.9184	27.8240	0.8455	37.4822	0.9806	26.9914	0.9400	31.8206	0.9417	-
49	2000	iter	33.8149	0.9499	31.2457	0.9196	27.8337	0.8517	37.1771	0.9791	23.9130	0.9301	30.6849	0.9387	0.03935
49	4000	iter	33.8305	0.9499	31.2565	0.9191	27.8388	0.8499	37.2800	0.9795	23.7544	0.9274	30.6699	0.9377	0.04163
49	6000	iter	33.7892	0.9494	31.1334	0.9177	27.6885	0.8476	37.0736	0.9792	23.3230	0.9205	30.4223	0.9349	0.03651
49	8000	iter	33.7796	0.9484	31.1941	0.9167	27.7466	0.8439	37.1295	0.9792	23.6667	0.9234	30.5677	0.9352	0.04047
49	10000	iter	33.6670	0.9477	31.2070	0.9195	27.7706	0.8516	37.0820	0.9788	23.6035	0.9217	30.5224	0.9356	0.05494
49	12000	iter	33.8205	0.9500	31.2493	0.9195	27.8387	0.8503	36.9848	0.9783	23.8577	0.9236	30.6040	0.9362	0.03787
49	14000	iter	33.8017	0.9500	31.2128	0.9189	27.7555	0.8466	37.2468	0.9793	23.6879	0.9190	30.6193	0.9345	0.03856
49	16000	iter	33.8339	0.9500	31.2570	0.9193	27.8382	0.8500	37.1487	0.9794	24.0071	0.9215	30.7108	0.9358	0.03327
49	18000	iter	33.8354	0.9502	31.2441	0.9195	27.8274	0.8514	37.0917	0.9792	23.4092	0.9147	30.4899	0.9336	0.03441
49	20000	iter	33.8146	0.9500	31.2370	0.9195	27.8172	0.8505	37.1247	0.9792	23.2566	0.9185	30.4458	0.9348	0.03256
49	22000	iter	33.8005	0.9499	31.2068	0.9188	27.8084	0.8515	36.9515	0.9788	23.3964	0.9142	30.4288	0.9332	0.03849
49	24000	iter	33.8111	0.9494	31.2343	0.9190	27.8145	0.8511	37.1897	0.9794	23.8295	0.9186	30.6575	0.9348	0.03738
49	26000	iter	33.8305	0.9504	31.2426	0.9197	27.8284	0.8498	37.1088	0.9790	23.8141	0.9181	30.6300	0.9346	0.02734
49	28000	iter	33.8342	0.9497	31.2448	0.9188	27.8293	0.8492	37.1810	0.9794	23.1027	0.9109	30.4177	0.9321	0.03585
49	30000	iter	33.8296	0.9496	31.2495	0.9187	27.8407	0.8496	37.2160	0.9795	23.4732	0.9199	30.5542	0.9351	0.02950
49	-	epoch	33.8351	0.9501	31.2514	0.9199	27.8329	0.8514	37.0624	0.9787	23.5468	0.9106	30.5274	0.9321	0.03673
50	2000	iter	33.8183	0.9496	31.2379	0.9183	27.8003	0.8472	37.2315	0.9796	23.4710	0.9161	30.5516	0.9336	0.03277
50	4000	iter	33.7991	0.9501	31.2003	0.9193	27.7564	0.8503	37.0793	0.9786	23.4547	0.9176	30.4842	0.9343	0.03459
50	6000	iter	33.8059	0.9498	31.2200	0.9193	27.7868	0.8507	37.0550	0.9791	22.9124	0.9020	30.3016	0.9292	0.02845
50	8000	iter	33.7930	0.9498	31.2165	0.9186	27.7855	0.8462	37.0892	0.9787	23.4525	0.9181	30.4911	0.9339	0.03696
50	10000	iter	33.8121	0.9500	31.2285	0.9195	27.8088	0.8513	37.1060	0.9788	23.7444	0.9149	30.6001	0.9335	0.03245
50	12000	iter	33.8379	0.9500	31.2489	0.9194	27.8264	0.8498	37.1124	0.9793	23.4271	0.9154	30.5035	0.9337	0.03313
50	14000	iter	33.7439	0.9495	31.2037	0.9163	27.7209	0.8449	37.0102	0.9782	23.4018	0.9116	30.4338	0.9311	0.04128
50	16000	iter	33.7912	0.9496	31.2131	0.9192	27.7762	0.8497	37.1896	0.9793	23.9249	0.9213	30.6804	0.9356	0.03392
50	18000	iter	33.8103	0.9494	31.2238	0.9184	27.7961	0.8495	37.0971	0.9792	23.4576	0.9177	30.4994	0.9342	0.03727
50	20000	iter	33.8052	0.9499	31.2293	0.9195	27.8039	0.8508	36.9263	0.9789	23.2386	0.9180	30.3703	0.9345	0.03253
50	22000	iter	33.8126	0.9501	31.2361	0.9193	27.8310	0.8498	36.7917	0.9780	22.9058	0.8954	30.2191	0.9266	0.02981
50	24000	iter	33.8158	0.9498	31.2332	0.9194	27.7936	0.8502	36.5441	0.9771	23.4597	0.9091	30.3171	0.9309	0.03289
50	26000	iter	33.8171	0.9498	31.2181	0.9188	27.7709	0.8486	37.0910	0.9792	23.0345	0.9083	30.3536	0.9311	0.03758
50	28000	iter	33.7788	0.9496	31.2154	0.9188	27.7958	0.8500	37.0428	0.9791	22.5476	0.9101	30.1735	0.9318	0.03166
50	30000	iter	33.7260	0.9491	31.1561	0.9171	27.7950	0.8478	36.6987	0.9775	22.7727	0.9045	30.1213	0.9289	0.03654
50	-	epoch	33.7876	0.9473	31.1658	0.9140	27.7251	0.8412	36.8563	0.9773	23.1180	0.9100	30.2890	0.9294	0.03395
51	2000	iter	33.7465	0.9492	31.2053	0.9183	27.8045	0.8490	37.0356	0.9790	22.8984	0.9028	30.2843	0.9291	0.03943
51	4000	iter	33.8053	0.9496	31.2101	0.9185	27.7871	0.8488	37.1120	0.9789	22.9575	0.9068	30.3345	0.9305	0.03263
51	6000	iter	33.8316	0.9501	31.2385	0.9194	27.8174	0.8506	37.1249	0.9791	23.5407	0.9147	30.5427	0.9335	0.03107
51	8000	iter	33.8299	0.9499	31.2391	0.9192	27.8103	0.8498	37.1846	0.9794	23.3139	0.9037	30.4861	0.9298	0.02813
51	10000	iter	33.8192	0.9500	31.2326	0.9190	27.8216	0.8503	37.0585	0.9790	23.2991	0.9118	30.4385	0.9324	0.03273
51	12000	iter	33.7985	0.9499	31.2260	0.9191	27.8229	0.8503	37.1573	0.9791	23.0319	0.9100	30.3795	0.9318	0.03107
51	14000	iter	33.7942	0.9494	31.2280	0.9190	27.8051	0.8494	36.9094	0.9773	22.6921	0.9093	30.1813	0.9308	0.03558
51	16000	iter	33.7980	0.9499	31.2142	0.9191	27.7882	0.8505	37.0747	0.9790	22.9471	0.9076	30.3184	0.9311	0.03498
51	18000	iter	33.8092	0.9499	31.2321	0.9190	27.8199	0.8484	37.1117	0.9793	23.0176	0.9066	30.3610	0.9306	0.03439
51	20000	iter	33.8180	0.9501	31.2321	0.9195	27.8025	0.8505	36.9697	0.9778	22.7502	0.9044	30.2236	0.9296	0.03191
51	22000	iter	33.8260	0.9501	31.2340	0.9196	27.8129	0.8510	37.1529	0.9793	23.2434	0.9147	30.4513	0.9336	0.03144
51	24000	iter	33.7902	0.9494	31.1974	0.9185	27.7469	0.8482	37.0152	0.9783	23.0277	0.9027	30.3181	0.9288	0.03213
51	26000	iter	33.7443	0.9492	31.2092	0.9198	27.7694	0.8514	37.0948	0.9791	23.1222	0.9094	30.3749	0.9318	0.03018
51	28000	iter	33.8251	0.9497	31.2375	0.9187	27.8194	0.8495	36.8824	0.9779	23.2670	0.9106	30.3700	0.9315	0.02676
51	30000	iter	33.8196	0.9502	31.2371	0.9198	27.8153	0.8503	37.1761	0.9794	23.1258	0.9155	30.4197	0.9339	0.03171
51	-	epoch	33.8134	0.9501	31.2257	0.9196	27.7947	0.8499	36.8967	0.9768	22.7744	0.9056	30.2052	0.9297	0.03311
52	2000	iter	33.8116	0.9500	31.2147	0.9194	27.7643	0.8511	37.0433	0.9786	22.6362	0.9019	30.2032	0.9291	0.02644
52	4000	iter	33.8236	0.9501	31.2377	0.9190	27.8038	0.8491	37.1409	0.9792	22.5438	0.8956	30.2133	0.9270	0.03050
52	6000	iter	33.7947	0.9494	31.2332	0.9189	27.8054	0.8483	37.2089	0.9795	22.9677	0.9117	30.3737	0.9322	0.02887
52	8000	iter	33.8020	0.9501	31.2103	0.9196	27.7773	0.8508	36.8980	0.9774	22.6313	0.9041	30.1531	0.9294	0.03406
52	10000	iter	33.8118	0.9498	31.2150	0.9187	27.8071	0.8495	37.1492	0.9790	22.9015	0.9009	30.3318	0.9286	0.03344
52	12000	iter	33.8161	0.9500	31.2306	0.9198	27.7934	0.8518	37.0763	0.9786	23.2638	0.9046	30.4289	0.9301	0.02735
52	14000	iter	33.8301	0.9502	31.2451	0.9196	27.8236	0.8503	37.0315	0.9789	23.4473	0.9140	30.4817	0.9332	0.03406
52	16000	iter	33.8073	0.9502	31.2118	0.9192	27.7907	0.8500	36.9464	0.9785	22.9311	0.9074	30.2714	0.9308	0.03111
52	18000	iter	33.8370	0.9502	31.2440	0.9195	27.8106	0.8497	37.0835	0.9788	23.0033	0.9077	30.3502	0.9310	0.03006
52	20000	iter	33.7675	0.9501	31.2043	0.9196	27.7779	0.8493	37.0141	0.9790	22.5130	0.8959	30.1479	0.9271	0.02716
52	22000	iter	33.8061	0.9499	31.2173	0.9194	27.7651	0.8502	37.0974	0.9791	22.7593	0.9015	30.2621	0.9290	0.03527
52	24000	iter	33.7988	0.9499	31.2178	0.9193	27.7957	0.8508	37.1574	0.9794	23.4273	0.9099	30.5074	0.9320	0.02728
52	26000	iter	33.8321	0.9502	31.2482	0.9196	27.8139	0.8507	37.1853	0.9795	22.9705	0.9076	30.3735	0.9313	0.03192
52	28000	iter	33.8227	0.9500	31.2371	0.9196	27.8134	0.8502	37.0843	0.9792	23.1142	0.9122	30.3854	0.9327	0.02955
52	30000	iter	33.8221	0.9496	31.2360	0.9188	27.8196	0.8487	37.0088	0.9793	23.1089	0.9026	30.3590	0.9292	0.02849
52	-	epoch	33.8104	0.9499	31.2266	0.9193	27.8125	0.8490	37.0846	0.9789	23.4010	0.9060	30.4785	0.9303	0.03152
53	2000	iter	33.8030	0.9496	31.2275	0.9193	27.8007	0.8502	36.9243	0.9788	23.3855	0.9100	30.4179	0.9317	0.03660
53	4000	iter	33.8146	0.9502	31.2218	0.9198	27.7924	0.8513	37.1693	0.9792	23.3394	0.9107	30.4839	0.9324	0.02944
53	6000	iter	33.7925	0.9497	31.2124	0.9185	27.7882	0.8475	37.1007	0.9793	23.2846	0.9128	30.4388	0.9324	0.02623
53	8000	iter	33.8060	0.9496	31.2004	0.9185	27.7820	0.8498	37.0340	0.9787	22.7687	0.8978	30.2441	0.9275	0.02657
53	10000	iter	33.8095	0.9501	31.2225	0.9200	27.7711	0.8517	36.7196	0.9779	22.9082	0.9069	30.1874	0.9307	0.03494
53	12000	iter	33.7425	0.9476	31.1503	0.9151	27.7506	0.8428	36.7958	0.9771	22.7399	0.9048	30.1390	0.9279	0.03704
53	14000	iter	33.7711	0.9488	31.1577	0.9173	27.6782	0.8460	37.2030	0.9793	22.5640	0.9026	30.2120	0.9286	0.02978
53	16000	iter	33.7877	0.9496	31.2175	0.9189	27.8101	0.8500	37.0644	0.9793	22.8073	0.9011	30.2700	0.9289	0.03412
53	18000	iter	33.7980	0.9493	31.2236	0.9184	27.8104	0.8486	37.1420	0.9795	23.0523	0.9068	30.3794	0.9306	0.03322
 